time,left_s0,left_s1,left_e0,left_e1,left_w0,left_w1,left_w2,left_gripper,right_s0,right_s1,right_e0,right_e1,right_w0,right_w1,right_w2,right_gripper
0.460291,0.136907785162,-0.744747671667,-0.785014667303,0.743213690881,-0.755869032367,0.404970927539,3.05684021157,100.0,-0.0659611738037,-0.646572901355,0.509281620996,0.439868990424,0.356650532776,0.594801049823,0.0552233083008,100.0
0.460353,0.136907785162,-0.744747671667,-0.785014667303,0.743213690881,-0.755869032367,0.404970927539,3.05684021157,100.0,-0.0659611738037,-0.646572901355,0.509281620996,0.439868990424,0.356650532776,0.594801049823,0.0552233083008,100.0
0.470417,0.133072833197,-0.743980681274,-0.78654864809,0.746281652454,-0.762388450708,0.408422384308,3.05607322117,100.0,-0.0671116593933,-0.641203968604,0.514267058551,0.439868990424,0.357034027972,0.594417554626,0.0536893275146,100.0
0.480439,0.129621376428,-0.741296214899,-0.7853981625,0.750116604419,-0.768524373853,0.412257336273,3.05760720196,100.0,-0.0694126305725,-0.636218531049,0.520019486499,0.441019476013,0.356650532776,0.594417554626,0.051771851532,100.0
0.490447,0.125786424463,-0.740529224506,-0.7853981625,0.752801070795,-0.774276801801,0.415325297845,3.05684021157,100.0,-0.069796125769,-0.63161658869,0.526155409644,0.442169961603,0.356267037579,0.594417554626,0.0498543755493,100.0
0.500452,0.122334967694,-0.739378738916,-0.7853981625,0.75663602276,-0.780029229749,0.418009764221,3.05722370676,100.0,-0.0717136017517,-0.626631151135,0.531907837592,0.443320447192,0.355500047186,0.594417554626,0.0471699091736,100.0
0.510420,0.117733025336,-0.73784475813,-0.785781657697,0.758936993939,-0.7853981625,0.421077725793,3.05684021157,100.0,-0.0732475825378,-0.622412703973,0.53650977995,0.445237923175,0.35511655199,0.593650564233,0.0444854427979,100.0
0.520414,0.113514578174,-0.73669427254,-0.786165152893,0.762004955511,-0.789616609662,0.423762192169,3.05722370676,100.0,-0.0751650585205,-0.617043771222,0.541878712701,0.446388408765,0.352432085614,0.59403405943,0.0410339860291,100.0
0.530411,0.109679626208,-0.734776796558,-0.786165152893,0.764689421887,-0.794985542413,0.426063163348,3.05760720196,100.0,-0.0759320489136,-0.61282532406,0.54648065506,0.447922389551,0.352432085614,0.594417554626,0.0371990340637,100.0
0.540414,0.104694188654,-0.733626310968,-0.787315638483,0.767757383459,-0.799970979968,0.427980639331,3.05760720196,100.0,-0.0782330200928,-0.607839886505,0.553383568597,0.45022336073,0.350898104828,0.59403405943,0.0322135965088,100.0
0.550414,0.100475741492,-0.732092330182,-0.787315638483,0.770441849835,-0.803805931934,0.43028161051,3.05760720196,100.0,-0.0793835056824,-0.60285444895,0.557602015759,0.451757341516,0.349747619238,0.59403405943,0.0276116541504,100.0
0.560412,0.0958737991333,-0.730174854199,-0.788082628876,0.773126316211,-0.806873893506,0.431815591296,3.05799069716,100.0,-0.081300981665,-0.599019496985,0.562970948511,0.454058312695,0.348597133649,0.594417554626,0.0226262165955,100.0
0.570411,0.0916553519714,-0.728640873413,-0.788082628876,0.776194277783,-0.810325350275,0.432966076886,3.05837419235,100.0,-0.081300981665,-0.59403405943,0.567572890869,0.456359283875,0.348213638452,0.594801049823,0.0157233030579,100.0
0.580410,0.0874369048096,-0.727106892627,-0.789233114465,0.779645734552,-0.81300981665,0.434500057672,3.05799069716,100.0,-0.0828349624512,-0.588665126678,0.573325318817,0.458660255054,0.345912667273,0.594801049823,0.0092038847168,100.0
0.590412,0.0836019528442,-0.725572911841,-0.790383600055,0.781179715338,-0.815694283026,0.436034038458,3.05837419235,100.0,-0.0843689432373,-0.58521366991,0.579077746765,0.461344721429,0.344762181683,0.59518454502,0.0023009711792,100.0
0.600412,0.0782330200928,-0.722888445465,-0.791150590448,0.784631172107,-0.817995254205,0.437951514441,3.06029166833,100.0,-0.0851359336304,-0.580995222748,0.583679689124,0.464412683002,0.342077715308,0.594417554626,-0.00498543755493,100.0
0.610409,0.0732475825378,-0.721737959875,-0.792684571234,0.78654864809,-0.819912730188,0.439485495227,3.06029166833,100.0,-0.087053409613,-0.575626289996,0.589432117072,0.467480644574,0.340927229718,0.593650564233,-0.0130388366821,100.0
0.620434,0.0678786497864,-0.7190534935,-0.794985542413,0.789616609662,-0.820679720581,0.441019476013,3.06067516353,100.0,-0.0878204000061,-0.570640852441,0.595568040216,0.471315596539,0.338626258539,0.593267069037,-0.0222427213989,100.0
0.630437,0.064043697821,-0.717136017517,-0.797670008789,0.792684571234,-0.821830206171,0.441786466406,3.06182564912,100.0,-0.0897378759888,-0.567189395673,0.599786487378,0.474000062915,0.33632528736,0.592116583447,-0.0318301013123,100.0
0.640462,0.0598252506592,-0.715218541534,-0.798820494379,0.794602047217,-0.821446710974,0.442936951996,3.06259263951,100.0,-0.0908883615784,-0.561820462921,0.605922410522,0.477068024487,0.335941792163,0.59288357384,-0.0398835004395,100.0
0.650460,0.0556068034973,-0.712534075159,-0.801121465558,0.796519523199,-0.822597196564,0.443703942389,3.0637431251,100.0,-0.092805837561,-0.557602015759,0.611291343274,0.481286471649,0.334791306573,0.592116583447,-0.0433349572083,100.0
0.660437,0.0506213659424,-0.711000094373,-0.80418942713,0.799203989575,-0.821063215778,0.444470932782,3.0645101155,100.0,-0.0939563231506,-0.552233083008,0.616660276025,0.484354433221,0.333640820984,0.592500078644,-0.0483203947632,100.0
0.670429,0.0444854427979,-0.708315627997,-0.808024379095,0.801504960754,-0.821830206171,0.446388408765,3.06566060109,100.0,-0.0951068087402,-0.547247645453,0.623179694366,0.48895637558,0.332873830591,0.592116583447,-0.0571407842834,100.0
0.680424,0.0398835004395,-0.706014656818,-0.809941855078,0.803805931934,-0.822597196564,0.446771903961,3.06719458187,100.0,-0.0974077799194,-0.542645703094,0.627781636725,0.492791327545,0.33402431618,0.591349593054,-0.0659611738037,100.0
0.690424,0.0356650532776,-0.702563200049,-0.812626321454,0.806490398309,-0.822597196564,0.447538894354,3.06757807707,100.0,-0.098558265509,-0.53766026554,0.633150569476,0.49662627951,0.332490335394,0.591349593054,-0.0751650585205,100.0
0.700432,0.0306796157227,-0.70026222887,-0.815694283026,0.808407874292,-0.821446710974,0.449839865533,3.06757807707,100.0,-0.0997087510986,-0.531907837592,0.639286492621,0.500461231476,0.332873830591,0.590966097858,-0.0847524384338,100.0
0.710430,0.0253106829712,-0.69796125769,-0.818378749402,0.810708845471,-0.821446710974,0.450606855927,3.06757807707,100.0,-0.101626227081,-0.527305895233,0.644655425372,0.504679678638,0.332873830591,0.588665126678,-0.0935728279541,100.0
0.720427,0.0199417502197,-0.695660286511,-0.822213701367,0.812242826257,-0.821446710974,0.45137384632,3.06719458187,100.0,-0.102776712671,-0.521553467285,0.650024358124,0.5088981258,0.332873830591,0.587131145892,-0.102776712671,100.0
0.730424,0.0157233030579,-0.692592324939,-0.825281662939,0.815694283026,-0.821830206171,0.45137384632,3.06681108668,100.0,-0.104694188654,-0.516951524927,0.655776786072,0.513116572961,0.333257325787,0.585980660303,-0.110830111798,100.0
0.740427,0.0107378655029,-0.689907858563,-0.829116614905,0.817228263812,-0.821446710974,0.452140836713,3.06681108668,100.0,-0.10622816944,-0.511582592175,0.66152921402,0.517335020123,0.333640820984,0.584830174713,-0.118116520532,100.0
0.750429,0.00613592314453,-0.687606887384,-0.83295156687,0.820296225385,-0.821830206171,0.452140836713,3.06681108668,100.0,-0.107762150226,-0.505830164227,0.667665137164,0.522703952875,0.33402431618,0.58291269873,-0.125786424463,100.0
0.760427,0.00153398078613,-0.684538925812,-0.836403023639,0.821446710974,-0.821830206171,0.452907827106,3.06642759148,100.0,-0.109296131012,-0.500461231476,0.673801060309,0.52653890484,0.33517480177,0.580995222748,-0.132305842804,100.0
0.770424,-0.0034514567688,-0.680703973846,-0.839854480408,0.823747682153,-0.821830206171,0.453291322302,3.06681108668,100.0,-0.110830111798,-0.495475793921,0.679553488257,0.531524342395,0.334407811377,0.579077746765,-0.138058270752,100.0
0.780452,-0.0103543703064,-0.677636012274,-0.844456422766,0.826432148529,-0.821446710974,0.452140836713,3.06681108668,100.0,-0.111597102191,-0.490106861169,0.685305916205,0.536893275146,0.334407811377,0.577160270782,-0.14266021311,100.0
0.790429,-0.0149563126648,-0.675718536292,-0.847907879535,0.829500110101,-0.821830206171,0.452907827106,3.06681108668,100.0,-0.113514578174,-0.485121423615,0.691825334546,0.542262207898,0.33402431618,0.574475804407,-0.146495165076,100.0
0.800454,-0.0199417502197,-0.672650574719,-0.851359336304,0.831417586084,-0.822213701367,0.452140836713,3.06642759148,100.0,-0.114281568567,-0.479752490863,0.696810772101,0.547247645453,0.334407811377,0.573325318817,-0.151480602631,100.0
0.810430,-0.0233932069885,-0.669582613147,-0.855577783466,0.833335062067,-0.821830206171,0.452140836713,3.06681108668,100.0,-0.115432054156,-0.473233072522,0.702946695245,0.552616578204,0.333640820984,0.570257357245,-0.154548564203,100.0
0.820433,-0.0291456349365,-0.666898146771,-0.860179725824,0.836019528442,-0.821830206171,0.452907827106,3.06681108668,100.0,-0.118116520532,-0.469398120557,0.7079321328,0.557985510956,0.334791306573,0.566805900476,-0.157616525775,100.0
0.830427,-0.0337475772949,-0.664597175592,-0.865165163379,0.838320499622,-0.821063215778,0.453291322302,3.06681108668,100.0,-0.118883510925,-0.463262197412,0.714068055945,0.563354443707,0.334407811377,0.563737938904,-0.160684487347,100.0
0.840426,-0.0391165100464,-0.66152921402,-0.869000115344,0.841004965997,-0.821830206171,0.452907827106,3.06642759148,100.0,-0.120033996515,-0.457893264661,0.719436988696,0.567572890869,0.33402431618,0.561053472528,-0.162218468134,100.0
0.850425,-0.0444854427979,-0.659611738037,-0.873218562506,0.84292244198,-0.821446710974,0.452907827106,3.06681108668,100.0,-0.121184482104,-0.451757341516,0.724422426251,0.572941823621,0.33402431618,0.558369006152,-0.164135944116,100.0
0.860428,-0.0490873851563,-0.656160281268,-0.876286524078,0.844456422766,-0.822213701367,0.453674817499,3.06642759148,100.0,-0.121567977301,-0.446388408765,0.729791359003,0.578310756372,0.333640820984,0.555684539777,-0.165286429706,100.0
0.870451,-0.0540728227112,-0.653859310089,-0.881271961633,0.847524384338,-0.821446710974,0.453674817499,3.06681108668,100.0,-0.122718462891,-0.44140297121,0.734009806165,0.58406318432,0.334407811377,0.552233083008,-0.166053420099,100.0
0.880595,-0.0579077746765,-0.65040785332,-0.885106913599,0.850208850714,-0.821446710974,0.453674817499,3.06642759148,100.0,-0.123485453284,-0.436417533655,0.738228253326,0.589432117072,0.334407811377,0.548398131042,-0.167203905688,100.0
0.890581,-0.0628932122314,-0.648106882141,-0.889708855957,0.85289331709,-0.821830206171,0.453291322302,3.06681108668,100.0,-0.124635938873,-0.431048600903,0.742830195685,0.594417554626,0.33402431618,0.544946674274,-0.167587400885,100.0
0.900594,-0.0678786497864,-0.646189406158,-0.893927303119,0.855194288269,-0.822213701367,0.454058312695,3.06566060109,100.0,-0.125402929266,-0.426446658545,0.747048642847,0.599786487378,0.334791306573,0.541495217505,-0.167970896082,100.0
0.910679,-0.0724805921448,-0.643504939783,-0.897378759888,0.857878754645,-0.822213701367,0.454058312695,3.06642759148,100.0,-0.126169919659,-0.421077725793,0.750500099615,0.605155420129,0.33402431618,0.536893275146,-0.167970896082,100.0
0.920571,-0.0766990393066,-0.640820473407,-0.90159720705,0.861330211414,-0.822213701367,0.454441807892,3.06681108668,100.0,-0.125786424463,-0.416092288239,0.753184565991,0.610907848077,0.334407811377,0.533825313574,-0.167587400885,100.0
0.930546,-0.0824514672546,-0.638902997424,-0.905815654211,0.863631182593,-0.82298069176,0.454441807892,3.06681108668,100.0,-0.126553414856,-0.413024326666,0.756252527563,0.616660276025,0.334791306573,0.529990361609,-0.167587400885,100.0
0.940605,-0.0866699144165,-0.636218531049,-0.911184586963,0.866699144165,-0.822597196564,0.454058312695,3.06681108668,100.0,-0.127320405249,-0.406504908325,0.759320489136,0.622029208777,0.33402431618,0.526922400037,-0.167970896082,100.0
0.950541,-0.0916553519714,-0.63276707428,-0.915403034125,0.869000115344,-0.822213701367,0.452907827106,3.06719458187,100.0,-0.126936910052,-0.402286461163,0.762388450708,0.627014646332,0.334791306573,0.523470943268,-0.168354391278,100.0
0.960558,-0.0962572943298,-0.630849598297,-0.91923798609,0.87283506731,-0.822597196564,0.452907827106,3.06681108668,100.0,-0.126553414856,-0.397301023608,0.763922431494,0.63276707428,0.334407811377,0.520402981696,-0.170655362457,100.0
0.970564,-0.101242731885,-0.628932122314,-0.923456433252,0.875136038489,-0.822213701367,0.452907827106,3.06681108668,100.0,-0.126936910052,-0.39384956684,0.765072917084,0.637369016638,0.33402431618,0.51656802973,-0.175640800012,100.0
0.980590,-0.10507768385,-0.626631151135,-0.927674880414,0.877437009668,-0.821830206171,0.453291322302,3.06681108668,100.0,-0.127320405249,-0.388864129285,0.766223402673,0.643888434979,0.333640820984,0.514267058551,-0.180242742371,100.0
0.990595,-0.110446616602,-0.623563189563,-0.931893327576,0.880121476044,-0.821830206171,0.453291322302,3.06719458187,100.0,-0.127703900446,-0.383495196533,0.768140878656,0.648490377338,0.332873830591,0.510815601782,-0.18139322796,100.0
1.000648,-0.114665063763,-0.622029208777,-0.936111774738,0.882805942419,-0.821446710974,0.454058312695,3.06681108668,100.0,-0.127320405249,-0.379276749371,0.769291364246,0.653475814893,0.332490335394,0.50774764021,-0.182160218353,100.0
1.010599,-0.119650501318,-0.619728237598,-0.939946726703,0.885873903992,-0.821830206171,0.453674817499,3.06681108668,100.0,-0.126936910052,-0.374674807013,0.769674859442,0.658844747644,0.332873830591,0.503145697852,-0.18254371355,100.0
1.020561,-0.124252443677,-0.616660276025,-0.944548669061,0.888558370367,-0.821063215778,0.452907827106,3.06681108668,100.0,-0.126553414856,-0.370456359851,0.771975830621,0.664213680396,0.332106840198,0.500461231476,-0.183694199139,100.0
1.030671,-0.128854386035,-0.614742800043,-0.948767116223,0.892393322333,-0.821446710974,0.453674817499,3.06681108668,100.0,-0.126936910052,-0.366237912689,0.772742821014,0.66919911795,0.332873830591,0.497393269904,-0.186378665515,100.0
1.040599,-0.134223318787,-0.613208819257,-0.952218572992,0.895077788708,-0.821446710974,0.453291322302,3.06681108668,100.0,-0.12501943407,-0.361252475134,0.773893306604,0.673801060309,0.332490335394,0.494708803528,-0.188679636694,100.0
1.050596,-0.138058270752,-0.610524352881,-0.95682051535,0.897378759888,-0.821446710974,0.452907827106,3.06681108668,100.0,-0.126169919659,-0.356267037579,0.77542728739,0.678786497864,0.332106840198,0.491640841956,-0.19136410307,100.0
1.060591,-0.14266021311,-0.608606876898,-0.961805952905,0.90044672146,-0.821830206171,0.453674817499,3.06719458187,100.0,-0.126169919659,-0.351665095221,0.776961268176,0.683771935419,0.332106840198,0.487038899597,-0.195966045428,100.0
1.070586,-0.146495165076,-0.606305905719,-0.964490419281,0.903514683032,-0.821063215778,0.453291322302,3.06642759148,100.0,-0.126169919659,-0.347063152863,0.777728258569,0.687606887384,0.332106840198,0.483203947632,-0.200567987787,100.0
1.080539,-0.151864097827,-0.604771924933,-0.968708866443,0.906966139801,-0.821446710974,0.452907827106,3.06566060109,100.0,-0.12501943407,-0.342844705701,0.777728258569,0.692592324939,0.331339849805,0.479368995667,-0.205936920538,100.0
1.090561,-0.155699049792,-0.603621439343,-0.972927313605,0.909650606177,-0.82298069176,0.454058312695,3.06681108668,100.0,-0.124635938873,-0.337475772949,0.778878744159,0.696810772101,0.332106840198,0.475534043701,-0.212072843683,100.0
1.100583,-0.159917496954,-0.601703963361,-0.97676226557,0.913485558142,-0.821830206171,0.453674817499,3.06681108668,100.0,-0.124252443677,-0.332106840198,0.779262239355,0.700645724066,0.332490335394,0.470932101343,-0.218592262024,100.0
1.110587,-0.16375244892,-0.599786487378,-0.981364207928,0.916553519714,-0.821830206171,0.454058312695,3.06681108668,100.0,-0.12386894848,-0.327888393036,0.781179715338,0.706398152014,0.332106840198,0.465946663788,-0.226262165955,100.0
1.120592,-0.167587400885,-0.597485516199,-0.984815664697,0.91923798609,-0.822213701367,0.453291322302,3.06566060109,100.0,-0.123485453284,-0.322519460284,0.781179715338,0.70908261839,0.331339849805,0.462111711823,-0.235082555475,100.0
1.130572,-0.171805848047,-0.595951535413,-0.989034111859,0.922305947662,-0.820679720581,0.453674817499,3.06681108668,100.0,-0.122334967694,-0.317150527533,0.782330200928,0.712917570355,0.331723345001,0.455592293481,-0.245053430585,100.0
1.140604,-0.176407790405,-0.594417554626,-0.992485568628,0.926524394824,-0.821830206171,0.453674817499,3.06642759148,100.0,-0.122334967694,-0.312165089978,0.783097191321,0.716369027124,0.332490335394,0.449456370337,-0.255024305695,100.0
1.150607,-0.180242742371,-0.592500078644,-0.995937025397,0.929592356396,-0.821830206171,0.453674817499,3.06681108668,100.0,-0.121184482104,-0.307179652423,0.784631172107,0.719820483893,0.331723345001,0.442936951996,-0.264611685608,100.0
1.160542,-0.184077694336,-0.591349593054,-0.999388482166,0.934194298755,-0.821830206171,0.453674817499,3.06681108668,100.0,-0.121184482104,-0.301043729279,0.7853981625,0.722888445465,0.332106840198,0.437184524048,-0.274966055914,100.0
1.170571,-0.188296141498,-0.589815612268,-1.00283993893,0.936878765131,-0.822213701367,0.452907827106,3.06681108668,100.0,-0.121567977301,-0.295674796527,0.785781657697,0.725956407037,0.332490335394,0.430665105707,-0.283786445435,100.0
1.180555,-0.19251458866,-0.588281631482,-1.00590790051,0.940330221899,-0.821446710974,0.453291322302,3.06642759148,100.0,-0.120417491711,-0.290305863776,0.787315638483,0.72902436861,0.332873830591,0.424529182562,-0.290305863776,100.0
1.190555,-0.196733035822,-0.587514641089,-1.01012634767,0.943781678668,-0.820679720581,0.453674817499,3.06681108668,100.0,-0.119267006122,-0.284553435828,0.788082628876,0.731708834985,0.333640820984,0.416859278632,-0.299126253296,100.0
1.200578,-0.200567987787,-0.586364155499,-1.01281081404,0.947233135437,-0.821830206171,0.454441807892,3.06681108668,100.0,-0.118883510925,-0.279951493469,0.790383600055,0.735160291754,0.333257325787,0.409189374701,-0.310247613995,100.0
1.210530,-0.204786434949,-0.585980660303,-1.01626227081,0.950684592206,-0.821446710974,0.454058312695,3.06681108668,100.0,-0.118883510925,-0.273048579932,0.790000104858,0.738228253326,0.332490335394,0.40266995636,-0.322519460284,100.0
1.220582,-0.210538862897,-0.583296193927,-1.01933023239,0.954136048975,-0.821830206171,0.454058312695,3.06681108668,100.0,-0.118116520532,-0.266912656787,0.791917580841,0.740529224506,0.333257325787,0.395000052429,-0.335941792163,100.0
1.230569,-0.214373814862,-0.583296193927,-1.02239819396,0.957587505743,-0.821830206171,0.455208798285,3.06681108668,100.0,-0.117733025336,-0.261927219232,0.793835056824,0.743980681274,0.333257325787,0.388480634088,-0.347830143256,100.0
1.240557,-0.218592262024,-0.582529203534,-1.02584965073,0.961805952905,-0.821063215778,0.454441807892,3.06681108668,100.0,-0.116582539746,-0.256941781677,0.793835056824,0.745898157257,0.334791306573,0.381194225354,-0.362019465527,100.0
1.250523,-0.222427213989,-0.580995222748,-1.02776712671,0.965640904871,-0.821063215778,0.455592293481,3.06681108668,100.0,-0.116582539746,-0.250422363336,0.796519523199,0.748582623633,0.334407811377,0.373140826227,-0.37390781662,100.0
1.260558,-0.227412651544,-0.579461241962,-1.02968460269,0.968708866443,-0.821446710974,0.456742779071,3.06681108668,100.0,-0.116966034943,-0.243902944995,0.798436999182,0.751267090009,0.33402431618,0.367004903082,-0.386179662909,100.0
1.270568,-0.230864108313,-0.578310756372,-1.03313605946,0.971776828015,-0.821446710974,0.456359283875,3.06681108668,100.0,-0.11619904455,-0.237383526654,0.801121465558,0.753568061188,0.33517480177,0.360485484741,-0.398068014001,100.0
1.280589,-0.234699060278,-0.577543765979,-1.03620402103,0.97561177998,-0.821830206171,0.457893264661,3.06681108668,100.0,-0.116582539746,-0.231631098706,0.803805931934,0.755102041974,0.334791306573,0.356650532776,-0.409956365094,100.0
1.290551,-0.239301002637,-0.576009785193,-1.03812149702,0.979063236749,-0.821446710974,0.457893264661,3.06681108668,100.0,-0.116582539746,-0.226262165955,0.806873893506,0.75663602276,0.334791306573,0.349747619238,-0.421844716187,100.0
1.300566,-0.244286440192,-0.5752427948,-1.0396554778,0.982898188715,-0.821063215778,0.460961226233,3.06681108668,100.0,-0.117733025336,-0.219742747614,0.809941855078,0.758553498743,0.334791306573,0.34514567688,-0.433733067279,100.0
1.310538,-0.249271877747,-0.574475804407,-1.04233994418,0.987116635876,-0.821830206171,0.461344721429,3.06642759148,100.0,-0.116582539746,-0.213606824469,0.814543797437,0.759703984332,0.33517480177,0.340927229718,-0.444470932782,100.0
1.320584,-0.253490324908,-0.573325318817,-1.04425742016,0.990568092645,-0.821830206171,0.462111711823,3.06681108668,100.0,-0.116966034943,-0.206703910931,0.817995254205,0.760854469922,0.334791306573,0.337475772949,-0.455592293481,100.0
1.330678,-0.258092267267,-0.572941823621,-1.04694188654,0.994019549414,-0.821446710974,0.464029187805,3.06719458187,100.0,-0.116582539746,-0.20133497818,0.822213701367,0.762388450708,0.334791306573,0.335558296967,-0.466330158984,100.0
1.340744,-0.261927219232,-0.572174833228,-1.04732538173,0.998621491772,-0.821063215778,0.465563168591,3.06681108668,100.0,-0.116966034943,-0.194432064642,0.827199138922,0.762771945905,0.334791306573,0.33402431618,-0.477451519684,100.0
1.350598,-0.266912656787,-0.570640852441,-1.04962635291,1.00092246295,-0.821063215778,0.465946663788,3.06681108668,100.0,-0.117349530139,-0.187145655908,0.831417586084,0.763922431494,0.334791306573,0.332490335394,-0.485504918811,100.0
1.360588,-0.271514599146,-0.570257357245,-1.05000984811,1.00552440531,-0.821830206171,0.467097149377,3.06681108668,100.0,-0.116966034943,-0.18139322796,0.835252538049,0.765072917084,0.33517480177,0.332873830591,-0.493174822742,100.0
1.370555,-0.276116541504,-0.569106871655,-1.0511603337,1.00897586208,-0.821446710974,0.469781615753,3.06719458187,100.0,-0.116966034943,-0.175257304816,0.841388461194,0.765072917084,0.334791306573,0.332490335394,-0.500461231476,100.0
1.380615,-0.280718483862,-0.568339881262,-1.05154382889,1.01242731885,-0.821063215778,0.470932101343,3.06642759148,100.0,-0.116582539746,-0.168737886475,0.844456422766,0.765839907477,0.334407811377,0.333257325787,-0.508131135406,100.0
1.390938,-0.284936931024,-0.566805900476,-1.05307780968,1.01587877562,-0.821446710974,0.472849577325,3.06681108668,100.0,-0.117733025336,-0.16260196333,0.849441860321,0.76545641228,0.334407811377,0.333640820984,-0.515034048944,100.0
1.400597,-0.289922368579,-0.565655414886,-1.05384480007,1.02009722278,-0.820679720581,0.474767053308,3.06681108668,100.0,-0.116966034943,-0.156082544989,0.855194288269,0.767373888263,0.334791306573,0.333257325787,-0.521553467285,100.0
1.410625,-0.293373825348,-0.564888424493,-1.05499528566,1.02278168915,-0.821830206171,0.476684529291,3.06681108668,100.0,-0.117349530139,-0.149946621844,0.859029240234,0.76660689787,0.33517480177,0.333640820984,-0.52768939043,100.0
1.420577,-0.29759227251,-0.564504929297,-1.05614577125,1.02623314592,-0.821830206171,0.47783501488,3.06681108668,100.0,-0.117349530139,-0.143427203503,0.863631182593,0.768524373853,0.33517480177,0.33517480177,-0.533058323181,100.0
1.430568,-0.302961205261,-0.562587453314,-1.05691276165,1.03006809789,-0.821063215778,0.480902976453,3.06681108668,100.0,-0.116966034943,-0.137674775555,0.868616620148,0.768140878656,0.33517480177,0.335941792163,-0.538043760736,100.0
1.440680,-0.30641266203,-0.561820462921,-1.05844674243,1.03428654505,-0.821446710974,0.482053462042,3.06642759148,100.0,-0.116966034943,-0.131155357214,0.873218562506,0.768907869049,0.334407811377,0.338626258539,-0.542262207898,100.0
1.450623,-0.310247613995,-0.560669977332,-1.06036421841,1.03658751623,-0.821063215778,0.485121423615,3.06681108668,100.0,-0.117733025336,-0.126169919659,0.877053514471,0.771592335425,0.334407811377,0.339393248932,-0.546097159863,100.0
1.460567,-0.314849556354,-0.560286482135,-1.06036421841,1.040038973,-0.821063215778,0.487038899597,3.06681108668,100.0,-0.116966034943,-0.121184482104,0.882038952026,0.771975830621,0.33517480177,0.340160239325,-0.549932111829,100.0
1.470578,-0.318684508319,-0.559135996545,-1.06074771361,1.04272343937,-0.819912730188,0.489723365973,3.06681108668,100.0,-0.116966034943,-0.115815549353,0.887024389581,0.772742821014,0.334407811377,0.341694220111,-0.553383568597,100.0
1.480577,-0.322902955481,-0.559135996545,-1.0618981992,1.04579140095,-0.820679720581,0.493941813135,3.06681108668,100.0,-0.116582539746,-0.110063121405,0.888558370367,0.774276801801,0.334791306573,0.343611696094,-0.556835025366,100.0
1.490593,-0.327121402643,-0.557985510956,-1.0622816944,1.04809237213,-0.820679720581,0.496242784314,3.06681108668,100.0,-0.116582539746,-0.105844674243,0.893160312726,0.775810782587,0.334407811377,0.345529172076,-0.559902986938,100.0
1.500541,-0.331723345001,-0.557602015759,-1.0622816944,1.05154382889,-0.821063215778,0.498543755493,3.06681108668,100.0,-0.116966034943,-0.101626227081,0.896611769495,0.777728258569,0.33517480177,0.347446648059,-0.561820462921,100.0
1.510544,-0.335941792163,-0.557218520563,-1.0622816944,1.05384480007,-0.819912730188,0.503529193048,3.06681108668,100.0,-0.117349530139,-0.097791275116,0.89929623587,0.779645734552,0.33517480177,0.348213638452,-0.56527191969,100.0
1.520555,-0.340160239325,-0.556835025366,-1.06304868479,1.05614577125,-0.820679720581,0.507364145013,3.06681108668,100.0,-0.116582539746,-0.0939563231506,0.902747692639,0.781946705731,0.334407811377,0.350514609631,-0.567956386066,100.0
1.530555,-0.343228200897,-0.556068034973,-1.06343217999,1.05921373282,-0.821063215778,0.511199096979,3.06681108668,100.0,-0.115815549353,-0.0901213711853,0.905432159015,0.783864181714,0.33402431618,0.352432085614,-0.570640852441,100.0
1.540576,-0.346679657666,-0.554534054187,-1.06419917038,1.06074771361,-0.821063215778,0.516184534534,3.06681108668,100.0,-0.116582539746,-0.0851359336304,0.908116625391,0.786165152893,0.334407811377,0.3539660664,-0.572941823621,100.0
1.550511,-0.350131114435,-0.553383568597,-1.06496616077,1.06266518959,-0.820679720581,0.521936962482,3.06681108668,100.0,-0.11619904455,-0.0828349624512,0.911184586963,0.788466124072,0.334407811377,0.356267037579,-0.575626289996,100.0
1.560548,-0.353582571204,-0.55415055899,-1.06534965597,1.06534965597,-0.821063215778,0.52768939043,3.06681108668,100.0,-0.116582539746,-0.0797670008789,0.912335072552,0.791917580841,0.334407811377,0.357801018365,-0.577927261176,100.0
1.570546,-0.357034027972,-0.552616578204,-1.06611664636,1.06841761754,-0.821446710974,0.533441818378,3.06681108668,100.0,-0.115815549353,-0.0770825345032,0.914636043732,0.794985542413,0.333640820984,0.360101989545,-0.580611727551,100.0
1.580554,-0.361252475134,-0.552616578204,-1.06726713195,1.06956810313,-0.821063215778,0.540728227112,3.06681108668,100.0,-0.115432054156,-0.074781563324,0.916553519714,0.798436999182,0.33402431618,0.361252475134,-0.584830174713,100.0
1.590545,-0.362019465527,-0.551466092615,-1.06765062715,1.07186907431,-0.821063215778,0.546864150256,3.06757807707,100.0,-0.11504855896,-0.0724805921448,0.916937014911,0.802271951147,0.334407811377,0.363169951117,-0.593267069037,100.0
1.600580,-0.365470922296,-0.551466092615,-1.06803412234,1.07378655029,-0.820679720581,0.554534054187,3.06681108668,100.0,-0.114665063763,-0.0694126305725,0.92038847168,0.806106903113,0.33402431618,0.365470922296,-0.599786487378,100.0
1.610562,-0.369305874261,-0.550315607025,-1.06880111274,1.07685451187,-0.821063215778,0.562587453314,3.06719458187,100.0,-0.114665063763,-0.0671116593933,0.91923798609,0.811475835864,0.333640820984,0.367388398279,-0.603237944147,100.0
1.620531,-0.372373835834,-0.549548616632,-1.06918460793,1.07838849265,-0.821830206171,0.571407842834,3.06681108668,100.0,-0.11389807337,-0.0655776786072,0.921155462073,0.814543797437,0.333640820984,0.368922379065,-0.607072896112,100.0
1.630547,-0.374674807013,-0.548398131042,-1.06956810313,1.08030596863,-0.821063215778,0.579461241962,3.06681108668,100.0,-0.113131082977,-0.064043697821,0.921922452466,0.818762244598,0.333640820984,0.371223350244,-0.611291343274,100.0
1.640634,-0.377742768585,-0.548398131042,-1.07033509352,1.08222344462,-0.821446710974,0.589432117072,3.06681108668,100.0,-0.113514578174,-0.0617427266418,0.922305947662,0.823364186957,0.333257325787,0.37390781662,-0.615126295239,100.0
1.650640,-0.380810730157,-0.547631140649,-1.06995159833,1.0845244158,-0.821446710974,0.599786487378,3.06681108668,100.0,-0.112747587781,-0.0598252506592,0.921922452466,0.827966129315,0.333257325787,0.374674807013,-0.618961247205,100.0
1.660562,-0.38272820614,-0.546864150256,-1.07071858872,1.08644189178,-0.821063215778,0.610140857684,3.06681108668,100.0,-0.112747587781,-0.058291269873,0.921922452466,0.832568071674,0.333640820984,0.376208787799,-0.623563189563,100.0
1.670562,-0.386179662909,-0.545713664667,-1.07110208392,1.08759237737,-0.820296225385,0.621262218384,3.06681108668,100.0,-0.111213606995,-0.0552233083008,0.921922452466,0.838320499622,0.332873830591,0.377359273389,-0.628932122314,100.0
1.680534,-0.388097138892,-0.545713664667,-1.07110208392,1.08950985335,-0.821063215778,0.633534064673,3.06719458187,100.0,-0.111213606995,-0.0533058323181,0.923072938055,0.84407292757,0.333257325787,0.380043739764,-0.634301055066,100.0
1.690670,-0.390398110071,-0.543796188684,-1.07148557911,1.09066033894,-0.821063215778,0.645805910962,3.06719458187,100.0,-0.110830111798,-0.0513883563354,0.923072938055,0.849058365125,0.333257325787,0.381961215747,-0.640053483014,100.0
1.700586,-0.393082576447,-0.543412693488,-1.07148557911,1.09257781492,-0.819145739795,0.658844747644,3.06719458187,100.0,-0.110446616602,-0.0498543755493,0.923456433252,0.854810793073,0.333640820984,0.382344710944,-0.646189406158,100.0
1.710575,-0.395767042822,-0.543796188684,-1.07225256951,1.09411179571,-0.819145739795,0.671883584326,3.06681108668,100.0,-0.108912635815,-0.0464029187805,0.923072938055,0.859796230627,0.332873830591,0.38387869173,-0.653092319696,100.0
1.720588,-0.398451509198,-0.541878712701,-1.0726360647,1.0956457765,-0.818762244598,0.685305916205,3.06681108668,100.0,-0.108529140619,-0.0444854427979,0.923839928448,0.866315648969,0.332490335394,0.385029177319,-0.66037872843,100.0
1.730581,-0.401135975574,-0.541111722308,-1.07225256951,1.09679626208,-0.819145739795,0.699495238477,3.06642759148,100.0,-0.107378655029,-0.0414174812256,0.924990414038,0.871301086523,0.33402431618,0.384645682123,-0.667665137164,100.0
1.740567,-0.403053451556,-0.539961236719,-1.07186907431,1.09756325248,-0.819145739795,0.713684560748,3.06719458187,100.0,-0.107762150226,-0.0391165100464,0.925373909235,0.877053514471,0.333257325787,0.385029177319,-0.676102031488,100.0
1.750567,-0.405354422736,-0.539961236719,-1.07225256951,1.09948072846,-0.819529234991,0.728640873413,3.06642759148,100.0,-0.107762150226,-0.0360485484741,0.925757404431,0.883189437616,0.333257325787,0.385029177319,-0.684922421008,100.0
1.760590,-0.407655393915,-0.538810751129,-1.07186907431,1.10063121405,-0.819145739795,0.743597186078,3.06719458187,100.0,-0.10622816944,-0.0337475772949,0.926907890021,0.888558370367,0.333257325787,0.385029177319,-0.694126305725,100.0
1.770567,-0.410723355487,-0.538427255933,-1.0726360647,1.10139820444,-0.819145739795,0.758170003546,3.06642759148,100.0,-0.105461179047,-0.0302961205261,0.926907890021,0.895077788708,0.332873830591,0.384262186926,-0.702563200049,100.0
1.780671,-0.413024326666,-0.536893275146,-1.0734030551,1.10293218523,-0.818762244598,0.774660296997,3.06681108668,100.0,-0.105461179047,-0.0276116541504,0.928825366003,0.90044672146,0.332873830591,0.384645682123,-0.712534075159,100.0
1.790620,-0.415708793042,-0.53650977995,-1.0730195599,1.10369917562,-0.819145739795,0.789233114465,3.06681108668,100.0,-0.10392719826,-0.0233932069885,0.93035934679,0.905815654211,0.333640820984,0.384262186926,-0.723271940662,100.0
1.800570,-0.418393259418,-0.534975799164,-1.07417004549,1.10484966121,-0.818762244598,0.803805931934,3.06681108668,100.0,-0.102776712671,-0.0199417502197,0.931893327576,0.911184586963,0.333257325787,0.384262186926,-0.734009806165,100.0
1.810611,-0.419927240204,-0.534975799164,-1.0734030551,1.10523315641,-0.818378749402,0.819145739795,3.06681108668,100.0,-0.103160207867,-0.0168737886475,0.933043813165,0.916937014911,0.333257325787,0.384262186926,-0.745131166864,100.0
1.820528,-0.423762192169,-0.533825313574,-1.07378655029,1.10561665161,-0.817995254205,0.833718557263,3.06681108668,100.0,-0.102393217474,-0.0126553414856,0.934961289148,0.922305947662,0.33402431618,0.383495196533,-0.75663602276,100.0
1.830581,-0.426063163348,-0.532291332788,-1.07455354069,1.10561665161,-0.819145739795,0.848291374731,3.06681108668,100.0,-0.101626227081,-0.0092038847168,0.93802925072,0.926524394824,0.333257325787,0.38387869173,-0.767757383459,100.0
1.840675,-0.429131124921,-0.531140847198,-1.07455354069,1.10676713719,-0.817611759009,0.863631182593,3.06681108668,100.0,-0.102009722278,-0.00536893275146,0.939946726703,0.931509832379,0.333257325787,0.384645682123,-0.778495248962,100.0
1.850587,-0.431815591296,-0.530373856805,-1.07493703588,1.10715063239,-0.817995254205,0.877437009668,3.06681108668,100.0,-0.100092246295,0.0,0.943398183472,0.936878765131,0.333257325787,0.385412672516,-0.789233114465,100.0
1.860569,-0.434116562476,-0.529223371216,-1.07570402628,1.10715063239,-0.817995254205,0.892393322333,3.06681108668,100.0,-0.0997087510986,0.0034514567688,0.946466145044,0.942631193079,0.333257325787,0.385029177319,-0.800737970361,100.0
1.870573,-0.437951514441,-0.528072885626,-1.07608752147,1.10715063239,-0.817995254205,0.906966139801,3.06681108668,100.0,-0.0989417607056,0.00766990393066,0.948767116223,0.94800012583,0.332490335394,0.385796167712,-0.81300981665,100.0
1.880571,-0.441019476013,-0.526922400037,-1.07647101667,1.10676713719,-0.817995254205,0.920004976483,3.06681108668,100.0,-0.0981747703125,0.0134223318787,0.951451582599,0.951451582599,0.333257325787,0.386946653302,-0.82413117735,100.0
1.890589,-0.444087437585,-0.52538841925,-1.07685451187,1.10753412759,-0.817228263812,0.933810803558,3.06681108668,100.0,-0.0974077799194,0.0176407790405,0.956437020154,0.957204010547,0.33402431618,0.387713643695,-0.835636033246,100.0
1.900577,-0.447155399158,-0.524237933661,-1.07800499745,1.10791762278,-0.818378749402,0.94684964024,3.06681108668,100.0,-0.0970242847229,0.0218592262024,0.957587505743,0.961805952905,0.333640820984,0.386946653302,-0.849441860321,100.0
1.910570,-0.45022336073,-0.523087448071,-1.07838849265,1.10791762278,-0.817228263812,0.959888476923,3.06681108668,100.0,-0.0966407895264,0.0264611685608,0.963339933691,0.967558380853,0.334407811377,0.387713643695,-0.862097201807,100.0
1.920588,-0.453674817499,-0.521936962482,-1.07915548304,1.10676713719,-0.817611759009,0.972160323212,3.06642759148,100.0,-0.0962572943298,0.0314466061157,0.966024400067,0.972543818408,0.33402431618,0.388097138892,-0.875136038489,100.0
1.930620,-0.455975788678,-0.520786476892,-1.08068946383,1.106383642,-0.817228263812,0.982898188715,3.06681108668,100.0,-0.0951068087402,0.0364320436707,0.969859352032,0.977529255963,0.334791306573,0.389247624481,-0.887407884778,100.0
1.940632,-0.459810740643,-0.519252496106,-1.08183994942,1.10753412759,-0.816844768616,0.994403044611,3.06681108668,100.0,-0.0939563231506,0.0406504908325,0.973694303998,0.983665179108,0.33517480177,0.389247624481,-0.898912740674,100.0
1.950595,-0.462495207019,-0.518102010516,-1.08337393021,1.10676713719,-0.816844768616,1.00552440531,3.06681108668,100.0,-0.0939563231506,0.046019423584,0.97791275116,0.989417607056,0.335558296967,0.390398110071,-0.910801091766,100.0
1.960566,-0.466330158984,-0.517335020123,-1.0845244158,1.10715063239,-0.816844768616,1.01549528042,3.06681108668,100.0,-0.0931893327576,0.0510048611389,0.982131198322,0.995170035004,0.33517480177,0.39154859566,-0.922689442859,100.0
1.970533,-0.469398120557,-0.515417544141,-1.08644189178,1.10676713719,-0.816844768616,1.02431566994,3.06681108668,100.0,-0.092038847168,0.0552233083008,0.985199159894,1.00015547256,0.33632528736,0.392315586053,-0.932276822772,100.0
1.980682,-0.473616567719,-0.514650553748,-1.08797587256,1.10676713719,-0.816461273419,1.03236906907,3.06642759148,100.0,-0.0908883615784,0.0605922410522,0.988650616663,1.00552440531,0.335941792163,0.393082576447,-0.942631193079,100.0
1.990695,-0.477451519684,-0.513883563354,-1.08989334855,1.10676713719,-0.816844768616,1.04042246819,3.06681108668,100.0,-0.0897378759888,0.0648106882141,0.991718578235,1.01204382365,0.337092277753,0.39384956684,-0.951451582599,100.0
2.000601,-0.480902976453,-0.511582592175,-1.09181082453,1.10676713719,-0.817611759009,1.04732538173,3.06681108668,100.0,-0.0885873903992,0.069029135376,0.9955535302,1.0177962516,0.337092277753,0.395383547626,-0.960271972119,100.0
2.010554,-0.483587442828,-0.510815601782,-1.0948787861,1.10676713719,-0.817611759009,1.05499528566,3.06642759148,100.0,-0.0874369048096,0.0724805921448,0.997471006183,1.02278168915,0.337475772949,0.396534033215,-0.96679139046,100.0
2.020572,-0.488189385187,-0.509281620996,-1.09641276689,1.1060001468,-0.815694283026,1.06266518959,3.06681108668,100.0,-0.0866699144165,0.0770825345032,1.00207294854,1.0293011075,0.337475772949,0.397301023608,-0.974077799194,100.0
2.030679,-0.492024337152,-0.508514630603,-1.10024771885,1.1060001468,-0.816461273419,1.06956810313,3.06566060109,100.0,-0.0851359336304,0.0797670008789,1.00437391972,1.03543703064,0.339009753735,0.398068014001,-0.979446731946,100.0
2.040627,-0.494708803528,-0.506213659424,-1.10178169964,1.10523315641,-0.817611759009,1.07570402628,3.06681108668,100.0,-0.0851359336304,0.0839854480408,1.00744188129,1.04195644898,0.339009753735,0.398835004395,-0.984048674304,100.0
2.050568,-0.499310745886,-0.505830164227,-1.10446616602,1.10561665161,-0.816461273419,1.08145645422,3.06681108668,100.0,-0.0832184576477,0.087053409613,1.00897586208,1.04809237213,0.340543734521,0.401135975574,-0.98788362627,100.0
2.060587,-0.502762202655,-0.503912688245,-1.10753412759,1.10523315641,-0.816844768616,1.08644189178,3.06681108668,100.0,-0.081300981665,0.0897378759888,1.01166032845,1.05537878086,0.340543734521,0.402286461163,-0.990951587842,100.0
2.070594,-0.50659715462,-0.503145697852,-1.10983509877,1.10561665161,-0.816844768616,1.09142732933,3.06642759148,100.0,-0.0809174864685,0.0931893327576,1.01396129963,1.061514704,0.341310724915,0.403820441949,-0.993252559021,100.0
2.080578,-0.509665116193,-0.501995212262,-1.11328655554,1.1060001468,-0.817611759009,1.09641276689,3.06681108668,100.0,-0.0793835056824,0.0958737991333,1.01472829003,1.06841761754,0.342844705701,0.404970927539,-0.9955535302,100.0
2.090614,-0.513116572961,-0.500844726672,-1.1167380123,1.10676713719,-0.816844768616,1.10063121405,3.06642759148,100.0,-0.0782330200928,0.0981747703125,1.01664576601,1.07570402628,0.341310724915,0.408038889111,-0.9955535302,100.0
2.100593,-0.516951524927,-0.500077736279,-1.11865548829,1.10715063239,-0.814927292633,1.10484966121,3.06566060109,100.0,-0.0766990393066,0.101242731885,1.0177962516,1.08222344462,0.342844705701,0.409956365094,-0.996320520593,100.0
2.110593,-0.521169972089,-0.498543755493,-1.12249044025,1.10753412759,-0.81531078783,1.10830111798,3.06681108668,100.0,-0.075548553717,0.102393217474,1.01856324199,1.08950985335,0.342461210504,0.413024326666,-0.996320520593,100.0
2.120566,-0.524621428857,-0.497393269904,-1.12594189702,1.10830111798,-0.814927292633,1.11136907955,3.06642759148,100.0,-0.0740145729309,0.104310693457,1.01933023239,1.09602927169,0.342077715308,0.415708793042,-0.99670401579,100.0
2.130676,-0.529606866412,-0.496242784314,-1.12939335379,1.10830111798,-0.81300981665,1.11367005073,3.06681108668,100.0,-0.0728640873413,0.105844674243,1.02086421317,1.10293218523,0.342077715308,0.418393259418,-0.99670401579,100.0
2.140633,-0.531907837592,-0.495092298724,-1.13246131536,1.11021859396,-0.812242826257,1.11597102191,3.06681108668,100.0,-0.0705631161621,0.107378655029,1.01933023239,1.10983509877,0.342461210504,0.421844716187,-0.995937025397,100.0
2.150543,-0.53650977995,-0.493558317938,-1.13591277213,1.11060208916,-0.811092340668,1.1171215075,3.06681108668,100.0,-0.0694126305725,0.108145645422,1.02124770837,1.1171215075,0.341310724915,0.425679668152,-0.99670401579,100.0
2.160588,-0.538810751129,-0.492791327545,-1.13859723851,1.11175257475,-0.810325350275,1.1175050027,3.06681108668,100.0,-0.0674951545898,0.108912635815,1.02048071797,1.12479141143,0.341694220111,0.429131124921,-0.997087510986,100.0
2.170590,-0.543029198291,-0.491640841956,-1.14358267606,1.11367005073,-0.808791369489,1.11788849789,3.06642759148,100.0,-0.0663446690002,0.109679626208,1.02086421317,1.13169432497,0.341310724915,0.432966076886,-0.997854501379,100.0
2.180625,-0.54648065506,-0.490490356366,-1.14626714244,1.11443704113,-0.806490398309,1.1167380123,3.06642759148,100.0,-0.0636602026245,0.111213606995,1.02124770837,1.1389807337,0.341310724915,0.437184524048,-0.998621491772,100.0
2.190612,-0.548781626239,-0.48895637558,-1.1504855896,1.1171215075,-0.80418942713,1.11635451711,3.06681108668,100.0,-0.0617427266418,0.111213606995,1.02124770837,1.14626714244,0.341694220111,0.441019476013,-1.00015547256,100.0
2.200590,-0.552616578204,-0.489723365973,-1.15470403676,1.11788849789,-0.802655446344,1.11597102191,3.06681108668,100.0,-0.0594417554626,0.111597102191,1.02009722278,1.15393704637,0.341694220111,0.445237923175,-1.00053896776,100.0
2.210592,-0.555684539777,-0.488189385187,-1.15738850314,1.11980597388,-0.800354475165,1.11558752672,3.06681108668,100.0,-0.05752427948,0.113131082977,1.01933023239,1.16083995991,0.342461210504,0.448689379944,-1.00168945334,100.0
2.220686,-0.558369006152,-0.487422394794,-1.1616069503,1.12133995466,-0.797286513593,1.11558752672,3.06681108668,100.0,-0.0544563179077,0.113131082977,1.02086421317,1.16774287344,0.341310724915,0.452524331909,-1.00399042452,100.0
2.230622,-0.561820462921,-0.487422394794,-1.16390792148,1.12325743065,-0.79536903761,1.11558752672,3.06681108668,100.0,-0.052538841925,0.112747587781,1.02124770837,1.17502928218,0.341310724915,0.455592293481,-1.00552440531,100.0
2.240628,-0.564888424493,-0.486655404401,-1.16735937825,1.12555840182,-0.791150590448,1.11558752672,3.06681108668,100.0,-0.0510048611389,0.112747587781,1.02048071797,1.18231569091,0.341310724915,0.457893264661,-1.0066748909,100.0
2.250798,-0.567572890869,-0.486655404401,-1.17004384462,1.127859373,-0.788082628876,1.11558752672,3.06681108668,100.0,-0.0483203947632,0.113514578174,1.02048071797,1.18960209965,0.342077715308,0.460961226233,-1.0066748909,100.0
2.260638,-0.569873862048,-0.486655404401,-1.1731118062,1.13054383938,-0.785014667303,1.11635451711,3.06642759148,100.0,-0.0452524331909,0.11389807337,1.02009722278,1.19535452759,0.341694220111,0.466330158984,-1.00782537649,100.0
2.270542,-0.571791338031,-0.485121423615,-1.17617976777,1.13207782017,-0.781563210535,1.11597102191,3.06642759148,100.0,-0.0425679668152,0.114281568567,1.02086421317,1.20072346035,0.340927229718,0.472466082129,-1.00744188129,100.0
2.280682,-0.574859299603,-0.485121423615,-1.17848073895,1.13476228654,-0.777728258569,1.11520403152,3.06681108668,100.0,-0.0395000052429,0.113131082977,1.02048071797,1.20877685947,0.342077715308,0.478602005273,-1.0066748909,100.0
2.290592,-0.577160270782,-0.485888414008,-1.18078171013,1.13783024811,-0.773893306604,1.11635451711,3.06681108668,100.0,-0.0371990340637,0.114281568567,1.02048071797,1.21452928742,0.341694220111,0.483587442828,-1.0070583861,100.0
2.300601,-0.579461241962,-0.486271909204,-1.1838496717,1.14051471449,-0.769674859442,1.11597102191,3.06566060109,100.0,-0.034514567688,0.113514578174,1.02048071797,1.22104870576,0.342077715308,0.488189385187,-1.0066748909,100.0
2.310626,-0.581378717944,-0.486271909204,-1.18653413807,1.14358267606,-0.76545641228,1.11635451711,3.06681108668,100.0,-0.0322135965088,0.11389807337,1.02086421317,1.22680113371,0.341310724915,0.492407832349,-1.00744188129,100.0
2.320641,-0.58291269873,-0.486271909204,-1.18960209965,1.14665063763,-0.761621460315,1.11597102191,3.06642759148,100.0,-0.0302961205261,0.114665063763,1.02009722278,1.23293705685,0.340927229718,0.497393269904,-1.00744188129,100.0
2.330587,-0.58521366991,-0.485504918811,-1.19228656602,1.14971859921,-0.75663602276,1.11788849789,3.06681108668,100.0,-0.0272281589539,0.114665063763,1.02086421317,1.23907298,0.341694220111,0.502378707458,-1.00744188129,100.0
2.340562,-0.585980660303,-0.485504918811,-1.194204042,1.15278656078,-0.752417575598,1.11635451711,3.06681108668,100.0,-0.0241601973816,0.11504855896,1.02201469876,1.24405841755,0.341310724915,0.50659715462,-1.0070583861,100.0
2.350572,-0.587514641089,-0.485888414008,-1.19650501318,1.15662151274,-0.746281652454,1.11635451711,3.06681108668,100.0,-0.0214757310059,0.115815549353,1.02239819396,1.25057783589,0.342077715308,0.509665116193,-1.00897586208,100.0
2.360671,-0.588665126678,-0.485888414008,-1.19918947956,1.16007296951,-0.741679710095,1.1171215075,3.06681108668,100.0,-0.0191747598267,0.11619904455,1.02201469876,1.25594676865,0.342077715308,0.514267058551,-1.01050984286,100.0
2.370634,-0.590966097858,-0.486271909204,-1.20149045074,1.16314093109,-0.736310777344,1.1175050027,3.06681108668,100.0,-0.017257283844,0.11619904455,1.02431566994,1.26208269179,0.342077715308,0.517335020123,-1.01242731885,100.0
2.380586,-0.592500078644,-0.486271909204,-1.20417491711,1.16659238785,-0.731325339789,1.1171215075,3.06681108668,100.0,-0.0126553414856,0.118500015729,1.02431566994,1.26706812935,0.342077715308,0.520402981696,-1.01549528042,100.0
2.390606,-0.593267069037,-0.487038899597,-1.2057088979,1.17042733982,-0.725956407037,1.1167380123,3.06681108668,100.0,-0.011504855896,0.119650501318,1.02623314592,1.27282055729,0.341694220111,0.524237933661,-1.01511178522,100.0
2.400558,-0.593650564233,-0.485504918811,-1.20916035467,1.17387879659,-0.720970969482,1.1167380123,3.06681108668,100.0,-0.00843689432373,0.120033996515,1.02815062191,1.27703900446,0.342844705701,0.527305895233,-1.01626227081,100.0
2.410516,-0.594417554626,-0.485888414008,-1.21107783065,1.17694675816,-0.715602036731,1.1167380123,3.06642759148,100.0,-0.00613592314453,0.122334967694,1.0285341171,1.28202444201,0.341694220111,0.530757352002,-1.0181797468,100.0
2.420583,-0.595951535413,-0.486655404401,-1.21452928742,1.18116520532,-0.710616599176,1.1171215075,3.06642759148,100.0,-0.0034514567688,0.123101958087,1.03121858348,1.28739337476,0.342077715308,0.534592303967,-1.02124770837,100.0
2.430542,-0.596335030609,-0.485121423615,-1.2164467634,1.18538365248,-0.704864171228,1.1175050027,3.06681108668,100.0,-0.000383495196533,0.125786424463,1.03236906907,1.29084483153,0.342077715308,0.537276770343,-1.02316518435,100.0
2.440571,-0.596335030609,-0.485504918811,-1.21836423939,1.18883510925,-0.699495238477,1.11827199309,3.06681108668,100.0,0.0034514567688,0.127703900446,1.03467004025,1.29506327869,0.341694220111,0.539961236719,-1.02393217474,100.0
2.450555,-0.596718525806,-0.485504918811,-1.21951472498,1.19267006122,-0.695660286511,1.11865548829,3.06681108668,100.0,0.00498543755493,0.129237881232,1.03735450662,1.30043221144,0.342077715308,0.543412693488,-1.02700013632,100.0
2.460573,-0.597102021002,-0.485504918811,-1.22181569615,1.19727200358,-0.690674848956,1.1175050027,3.06681108668,100.0,0.0080533991272,0.131922347607,1.03888848741,1.30388366821,0.342077715308,0.546097159863,-1.0293011075,100.0
2.470565,-0.597485516199,-0.485121423615,-1.22334967694,1.20033996515,-0.685689411401,1.11865548829,3.06642759148,100.0,0.0103543703064,0.13499030918,1.04157295378,1.30886910577,0.342077715308,0.548781626239,-1.03083508828,100.0
2.480672,-0.597102021002,-0.483970938025,-1.22603414332,1.20494190751,-0.681087469043,1.11827199309,3.06681108668,100.0,0.0130388366821,0.138058270752,1.04387392496,1.31270405773,0.342077715308,0.550699102222,-1.03121858348,100.0
2.490624,-0.597869011395,-0.484354433221,-1.2275681241,1.20954384987,-0.677636012274,1.11903898348,3.06681108668,100.0,0.0153398078613,0.141126232324,1.04694188654,1.31730600009,0.341694220111,0.552233083008,-1.03198557387,100.0
2.500678,-0.597869011395,-0.484354433221,-1.22871860969,1.21376229703,-0.674184555505,1.11980597388,3.06681108668,100.0,0.0187912646301,0.144577689093,1.0507768385,1.32267493284,0.341694220111,0.553000073401,-1.03198557387,100.0
2.510599,-0.598636001788,-0.484354433221,-1.23025259048,1.21951472498,-0.671883584326,1.11865548829,3.06681108668,100.0,0.0203252454163,0.148029145862,1.05231081929,1.32842736079,0.342461210504,0.553000073401,-1.03198557387,100.0
2.520545,-0.598252506592,-0.483587442828,-1.23140307607,1.22334967694,-0.668432127557,1.11903898348,3.06681108668,100.0,0.023009711792,0.152247593024,1.05537878086,1.33341279835,0.342461210504,0.55415055899,-1.03160207867,100.0
2.530632,-0.597102021002,-0.483970938025,-1.23293705685,1.22948560009,-0.665747661182,1.11942247868,3.06681108668,100.0,0.0237767021851,0.156082544989,1.05921373282,1.3380147407,0.342844705701,0.556068034973,-1.03275256426,100.0
2.540556,-0.597102021002,-0.483203947632,-1.23408754244,1.23332055205,-0.663063194806,1.11980597388,3.06566060109,100.0,0.0264611685608,0.160300992151,1.0622816944,1.34223318787,0.342077715308,0.557602015759,-1.03236906907,100.0
2.550642,-0.596718525806,-0.483203947632,-1.23523802803,1.2394564752,-0.660762223627,1.11980597388,3.06566060109,100.0,0.02876213974,0.165286429706,1.06496616077,1.34721862542,0.342077715308,0.559135996545,-1.03275256426,100.0
2.560571,-0.597102021002,-0.483203947632,-1.23715550402,1.24444191275,-0.658844747644,1.11942247868,3.06642759148,100.0,0.0302961205261,0.169504876868,1.06880111274,1.35450503416,0.342077715308,0.559135996545,-1.03275256426,100.0
2.570550,-0.597102021002,-0.483203947632,-1.23792249441,1.24827686472,-0.656927271661,1.11865548829,3.06681108668,100.0,0.0325970917053,0.174106819226,1.07110208392,1.35987396691,0.342077715308,0.557985510956,-1.03275256426,100.0
2.580552,-0.596718525806,-0.482436957239,-1.23792249441,1.25326230227,-0.655393290875,1.11942247868,3.06681108668,100.0,0.034514567688,0.178708761584,1.07570402628,1.36485940446,0.342077715308,0.557218520563,-1.03198557387,100.0
2.590558,-0.597869011395,-0.482053462042,-1.23792249441,1.25901473022,-0.653859310089,1.11942247868,3.06681108668,100.0,0.0368155388672,0.183310703943,1.07838849265,1.37061183241,0.342077715308,0.557218520563,-1.03313605946,100.0
2.600640,-0.597102021002,-0.482436957239,-1.23907298,1.26323317738,-0.6527088245,1.11980597388,3.06642759148,100.0,0.0379660244568,0.187912646301,1.08299043501,1.37598076516,0.342844705701,0.556835025366,-1.03275256426,100.0
2.610540,-0.597485516199,-0.482053462042,-1.2394564752,1.26898560533,-0.65155833891,1.11942247868,3.06681108668,100.0,0.040266995636,0.192131093463,1.08567490139,1.38096620272,0.342844705701,0.556835025366,-1.03236906907,100.0
2.620543,-0.597102021002,-0.481286471649,-1.2394564752,1.27397104288,-0.650024358124,1.11865548829,3.06681108668,100.0,0.0418009764221,0.197116531018,1.08835936776,1.38633513547,0.342077715308,0.55530104458,-1.03313605946,100.0
2.630634,-0.596718525806,-0.481286471649,-1.23907298,1.27972347083,-0.649257367731,1.11903898348,3.06681108668,100.0,0.0437184524048,0.200951482983,1.09219431973,1.39247105861,0.343228200897,0.55530104458,-1.03160207867,100.0
2.640541,-0.597102021002,-0.481669966846,-1.23983997039,1.28470890839,-0.647723386945,1.11903898348,3.06681108668,100.0,0.046019423584,0.205169930145,1.0952622813,1.39745649617,0.342077715308,0.55415055899,-1.03351955466,100.0
2.650537,-0.597485516199,-0.480902976453,-1.23907298,1.28854386035,-0.647339891748,1.11903898348,3.06566060109,100.0,0.0479368995667,0.209388377307,1.09833024287,1.40359241931,0.342461210504,0.553767063794,-1.03198557387,100.0
2.660508,-0.597102021002,-0.480902976453,-1.23907298,1.29276230751,-0.646189406158,1.11903898348,3.06719458187,100.0,0.0498543755493,0.213223329272,1.10024771885,1.40896135206,0.342077715308,0.552616578204,-1.03275256426,100.0
2.670536,-0.597102021002,-0.479368995667,-1.23983997039,1.29736424987,-0.644655425372,1.11903898348,3.06681108668,100.0,0.052538841925,0.217058281238,1.10216519484,1.41433028481,0.342461210504,0.551849587811,-1.03313605946,100.0
2.680502,-0.596718525806,-0.479368995667,-1.23907298,1.30273318262,-0.643121444586,1.11788849789,3.06681108668,100.0,0.0548398131042,0.219742747614,1.10446616602,1.41969921757,0.342077715308,0.550699102222,-1.03313605946,100.0
2.690532,-0.596718525806,-0.47898550047,-1.2394564752,1.30733512498,-0.641203968604,1.11827199309,3.06681108668,100.0,0.0567572890869,0.223194204382,1.106383642,1.42468465512,0.343228200897,0.549932111829,-1.03275256426,100.0
2.700496,-0.596718525806,-0.47783501488,-1.23830598961,1.31078658175,-0.639286492621,1.11788849789,3.06681108668,100.0,0.0602087458557,0.225111680365,1.10868461318,1.42928659748,0.343228200897,0.547247645453,-1.03275256426,100.0
2.710636,-0.597485516199,-0.476301034094,-1.23907298,1.3161555145,-0.638136007031,1.11788849789,3.06681108668,100.0,0.0621262218384,0.227796146741,1.10983509877,1.43542252062,0.343611696094,0.544946674274,-1.03236906907,100.0
2.720541,-0.597869011395,-0.475534043701,-1.23830598961,1.32075745686,-0.636602026245,1.11865548829,3.06681108668,100.0,0.0648106882141,0.229713622723,1.11098558436,1.44002446298,0.343228200897,0.543029198291,-1.03313605946,100.0
2.730519,-0.597485516199,-0.474767053308,-1.2394564752,1.32382541843,-0.634684550262,1.11827199309,3.06681108668,100.0,0.0674951545898,0.230864108313,1.11136907955,1.44539339573,0.343228200897,0.540728227112,-1.03198557387,100.0
2.740503,-0.597485516199,-0.474767053308,-1.2386894848,1.32804386559,-0.63276707428,1.11865548829,3.06642759148,100.0,0.0713301065552,0.231631098706,1.11175257475,1.45114582368,0.343611696094,0.538427255933,-1.03275256426,100.0
2.750492,-0.597485516199,-0.473616567719,-1.2394564752,1.33226231276,-0.630849598297,1.11788849789,3.06642759148,100.0,0.0743980681274,0.232398089099,1.11251956514,1.45613126124,0.34399519129,0.53535929436,-1.03236906907,100.0
2.760529,-0.597102021002,-0.472849577325,-1.23907298,1.33571376953,-0.630082607904,1.11903898348,3.06719458187,100.0,0.0778495248962,0.232781584296,1.11251956514,1.46111669879,0.34399519129,0.531524342395,-1.03236906907,100.0
2.770505,-0.597485516199,-0.473233072522,-1.23983997039,1.33916522629,-0.628548627118,1.11865548829,3.06681108668,100.0,0.081300981665,0.232398089099,1.11251956514,1.46610213635,0.344378686487,0.528456380823,-1.03236906907,100.0
2.780549,-0.597485516199,-0.471315596539,-1.23830598961,1.34376716865,-0.626247655939,1.11827199309,3.06681108668,100.0,0.0843689432373,0.232398089099,1.11213606995,1.4710875739,0.344762181683,0.524237933661,-1.03275256426,100.0
2.790505,-0.596335030609,-0.472082586932,-1.2394564752,1.34568464464,-0.625097170349,1.11865548829,3.06681108668,100.0,0.0885873903992,0.232014593903,1.11213606995,1.47645650665,0.343611696094,0.518869000909,-1.03275256426,100.0
2.800556,-0.596718525806,-0.471315596539,-1.2386894848,1.3491361014,-0.624330179956,1.11942247868,3.06681108668,100.0,0.0924223423645,0.230864108313,1.11136907955,1.48144194421,0.344378686487,0.514267058551,-1.03275256426,100.0
2.810603,-0.597102021002,-0.471315596539,-1.2394564752,1.35182056778,-0.622029208777,1.11903898348,3.06681108668,100.0,0.0970242847229,0.230864108313,1.11175257475,1.48642738176,0.344378686487,0.510048611389,-1.03275256426,100.0
2.820581,-0.597102021002,-0.471315596539,-1.23983997039,1.35412153896,-0.620878723187,1.11865548829,3.06681108668,100.0,0.100092246295,0.23009711792,1.11136907955,1.49026233373,0.344378686487,0.504679678638,-1.03275256426,100.0
2.830562,-0.597102021002,-0.470932101343,-1.2394564752,1.35718950053,-0.619728237598,1.11903898348,3.06719458187,100.0,0.104310693457,0.229713622723,1.11136907955,1.49524777128,0.34399519129,0.49892725069,-1.03160207867,100.0
2.840563,-0.596335030609,-0.470548606146,-1.23983997039,1.35910697651,-0.617810761615,1.11903898348,3.06681108668,100.0,0.107762150226,0.22894663233,1.11098558436,1.49984971364,0.34399519129,0.492791327545,-1.03236906907,100.0
2.850564,-0.596718525806,-0.471315596539,-1.2394564752,1.3610244525,-0.617427266418,1.11942247868,3.06681108668,100.0,0.112747587781,0.229330127527,1.11098558436,1.504451656,0.34399519129,0.486271909204,-1.03275256426,100.0
2.860560,-0.596718525806,-0.470932101343,-1.2394564752,1.36294192848,-0.617043771222,1.11865548829,3.06681108668,100.0,0.118116520532,0.229330127527,1.11213606995,1.50943709355,0.344762181683,0.47898550047,-1.03275256426,100.0
2.870590,-0.596335030609,-0.471315596539,-1.23983997039,1.36447590927,-0.615509790436,1.12018946907,3.06681108668,100.0,0.121567977301,0.229330127527,1.11175257475,1.51288855032,0.34514567688,0.471315596539,-1.03275256426,100.0
2.880578,-0.597485516199,-0.471315596539,-1.2394564752,1.36524289966,-0.61397580965,1.12057296427,3.06681108668,100.0,0.126553414856,0.229330127527,1.11328655554,1.51787398788,0.345529172076,0.463645692609,-1.03275256426,100.0
2.890569,-0.596335030609,-0.471315596539,-1.2394564752,1.36754387084,-0.613208819257,1.12133995466,3.06642759148,100.0,0.131538852411,0.22894663233,1.11405354593,1.52285942543,0.345529172076,0.455592293481,-1.03236906907,100.0
2.900671,-0.596718525806,-0.472082586932,-1.24022346559,1.36946134682,-0.61282532406,1.12172344986,3.06681108668,100.0,0.135757299573,0.229330127527,1.11443704113,1.5263108822,0.345912667273,0.447155399158,-1.03236906907,100.0
2.910564,-0.597102021002,-0.471699091736,-1.23907298,1.36946134682,-0.612441828864,1.12287393545,3.06642759148,100.0,0.139975746735,0.229713622723,1.11520403152,1.53052932936,0.345912667273,0.437184524048,-1.03236906907,100.0
2.920554,-0.596335030609,-0.472849577325,-1.23983997039,1.371762318,-0.61282532406,1.12479141143,3.06681108668,100.0,0.14496118429,0.229713622723,1.1167380123,1.53589826212,0.345529172076,0.428364134528,-1.03275256426,100.0
2.930562,-0.596718525806,-0.472849577325,-1.23983997039,1.37367979398,-0.612441828864,1.12517490663,3.06681108668,100.0,0.148796136255,0.23009711792,1.1175050027,1.53896622369,0.346296162469,0.419160249811,-1.03236906907,100.0
2.940560,-0.597485516199,-0.473233072522,-1.2394564752,1.37406328918,-0.612441828864,1.12747587781,3.06681108668,100.0,0.153398078613,0.230864108313,1.11865548829,1.54395166124,0.346679657666,0.408805879504,-1.03236906907,100.0
2.950581,-0.597869011395,-0.473616567719,-1.23983997039,1.37521377477,-0.61282532406,1.13016034418,3.06642759148,100.0,0.157616525775,0.230480613116,1.12057296427,1.5481701084,0.347830143256,0.398451509198,-1.03236906907,100.0
2.960568,-0.597485516199,-0.473233072522,-1.24060696078,1.37521377477,-0.61282532406,1.13284481056,3.06681108668,100.0,0.162218468134,0.230864108313,1.12172344986,1.55123806998,0.349747619238,0.388097138892,-1.03236906907,100.0
2.970546,-0.597485516199,-0.473233072522,-1.24099045598,1.37674775555,-0.612441828864,1.13437879135,3.06681108668,100.0,0.166053420099,0.231631098706,1.12325743065,1.55584001234,0.352432085614,0.376208787799,-1.03198557387,100.0
2.980580,-0.597485516199,-0.473233072522,-1.24022346559,1.37751474595,-0.612441828864,1.13591277213,3.06681108668,100.0,0.169888372064,0.23124760351,1.12479141143,1.5596749643,0.356267037579,0.3650874271,-1.03313605946,100.0
2.990527,-0.597869011395,-0.473616567719,-1.24099045598,1.37751474595,-0.61282532406,1.13821374331,3.06681108668,100.0,0.175257304816,0.231631098706,1.12632539222,1.56427690666,0.358568008759,0.352432085614,-1.03198557387,100.0
3.000582,-0.597869011395,-0.473233072522,-1.24252443677,1.37943222193,-0.613208819257,1.14051471449,3.06681108668,100.0,0.178708761584,0.232014593903,1.1282428682,1.56887884902,0.361252475134,0.339776744128,-1.03236906907,100.0
3.010565,-0.597869011395,-0.473233072522,-1.24137395118,1.37981571713,-0.61282532406,1.14204869528,3.06681108668,100.0,0.18254371355,0.23124760351,1.12977684899,1.57271380098,0.361635970331,0.327121402643,-1.03198557387,100.0
3.020619,-0.598252506592,-0.473616567719,-1.24099045598,1.37943222193,-0.61167483847,1.14396617126,3.06681108668,100.0,0.186762160712,0.232014593903,1.13131082977,1.57654875295,0.362402960724,0.314466061157,-1.03160207867,100.0
3.030672,-0.598636001788,-0.473616567719,-1.24099045598,1.38019921232,-0.612441828864,1.14550015204,3.06681108668,100.0,0.19136410307,0.232398089099,1.13322830576,1.57961671452,0.363169951117,0.301427224475,-1.03236906907,100.0
3.040683,-0.599019496985,-0.473233072522,-1.24099045598,1.37981571713,-0.612058333667,1.14818461842,3.06681108668,100.0,0.195199055035,0.232014593903,1.13437879135,1.58421865688,0.365470922296,0.288388387793,-1.03198557387,100.0
3.050592,-0.598636001788,-0.473233072522,-1.24060696078,1.37981571713,-0.612441828864,1.14971859921,3.06566060109,100.0,0.199417502197,0.232014593903,1.13629626733,1.58805360884,0.368155388672,0.274199065521,-1.03160207867,100.0
3.060587,-0.599019496985,-0.474000062915,-1.24137395118,1.38019921232,-0.61282532406,1.1508690848,3.06681108668,100.0,0.203635949359,0.232014593903,1.13859723851,1.59227205601,0.368922379065,0.261160228839,-1.03198557387,100.0
3.070855,-0.599786487378,-0.473233072522,-1.24060696078,1.38096620272,-0.612441828864,1.15201957039,3.06681108668,100.0,0.207087406128,0.232014593903,1.14089820969,1.59495652238,0.371606845441,0.246587411371,-1.03236906907,100.0
3.080591,-0.599786487378,-0.473233072522,-1.24099045598,1.38134969791,-0.612441828864,1.15278656078,3.06681108668,100.0,0.210538862897,0.232398089099,1.14319918087,1.60032545513,0.373524321423,0.233548574689,-1.03236906907,100.0
3.090599,-0.599019496985,-0.472849577325,-1.24060696078,1.37981571713,-0.612058333667,1.15393704637,3.06642759148,100.0,0.213990319666,0.232398089099,1.14550015204,1.6041604071,0.377359273389,0.220509738007,-1.03275256426,100.0
3.100670,-0.599786487378,-0.473233072522,-1.24175744637,1.38096620272,-0.61282532406,1.15470403676,3.06681108668,100.0,0.217825271631,0.232781584296,1.14856811362,1.60799535906,0.379276749371,0.207087406128,-1.03160207867,100.0
3.110667,-0.600169982574,-0.473616567719,-1.24214094157,1.38096620272,-0.612441828864,1.15508753196,3.06642759148,100.0,0.2212767284,0.232014593903,1.1501020944,1.61183031103,0.381194225354,0.193665074249,-1.03198557387,100.0
3.120584,-0.599786487378,-0.473233072522,-1.24060696078,1.38019921232,-0.612441828864,1.15623801755,3.06681108668,100.0,0.225111680365,0.232781584296,1.15240306558,1.61604875819,0.383495196533,0.181776723157,-1.03275256426,100.0
3.130578,-0.599402992181,-0.473233072522,-1.24175744637,1.38134969791,-0.61282532406,1.15777199833,3.06681108668,100.0,0.22894663233,0.231631098706,1.15585452235,1.61950021496,0.386563158105,0.167970896082,-1.03160207867,100.0
3.140558,-0.599402992181,-0.473233072522,-1.24060696078,1.38211668831,-0.612441828864,1.15815549353,3.06681108668,100.0,0.231631098706,0.230864108313,1.15777199833,1.62333516693,0.388097138892,0.155315554596,-1.03198557387,100.0
3.150558,-0.599786487378,-0.472849577325,-1.24060696078,1.38134969791,-0.61282532406,1.15738850314,3.06681108668,100.0,0.235082555475,0.230864108313,1.16083995991,1.62717011889,0.390398110071,0.143427203503,-1.03160207867,100.0
3.160528,-0.599019496985,-0.474000062915,-1.24137395118,1.38173319311,-0.612441828864,1.15777199833,3.06566060109,100.0,0.237767021851,0.23009711792,1.16314093109,1.63100507086,0.392315586053,0.130771862018,-1.03160207867,100.0
3.170670,-0.599786487378,-0.473233072522,-1.24099045598,1.38173319311,-0.61282532406,1.15738850314,3.06642759148,100.0,0.241601973816,0.229713622723,1.16544190226,1.63445652762,0.394616557233,0.119267006122,-1.03160207867,100.0
3.180605,-0.599402992181,-0.473616567719,-1.24060696078,1.3828836787,-0.61282532406,1.15700500794,3.06642759148,100.0,0.243902944995,0.229713622723,1.16850986384,1.63905846998,0.396917528412,0.108145645422,-1.03160207867,100.0
3.190566,-0.600169982574,-0.474000062915,-1.24175744637,1.38365066909,-0.612441828864,1.15623801755,3.06681108668,100.0,0.246587411371,0.229713622723,1.17042733982,1.64250992675,0.398068014001,0.097791275116,-1.03045159308,100.0
3.200526,-0.600936972968,-0.474383558112,-1.24060696078,1.3828836787,-0.612058333667,1.15738850314,3.06681108668,100.0,0.249271877747,0.229330127527,1.1731118062,1.64749536431,0.399601994788,0.0866699144165,-1.03083508828,100.0
3.210537,-0.601320468164,-0.474383558112,-1.24099045598,1.3832671739,-0.612058333667,1.15700500794,3.06681108668,100.0,0.251572848926,0.22894663233,1.17617976777,1.65133031627,0.401902965967,0.0774660296997,-1.0289176123,100.0
3.220555,-0.600936972968,-0.474000062915,-1.24099045598,1.3828836787,-0.612058333667,1.15700500794,3.06642759148,100.0,0.254257315302,0.228179641937,1.17809724375,1.65478177304,0.403820441949,0.0682621449829,-1.03006809789,100.0
3.230530,-0.601703963361,-0.474383558112,-1.24099045598,1.38403416429,-0.611291343274,1.15700500794,3.06681108668,100.0,0.256558286481,0.228179641937,1.18039821493,1.6590002202,0.405737917932,0.0594417554626,-1.0289176123,100.0
3.240552,-0.601320468164,-0.474000062915,-1.24099045598,1.38365066909,-0.61167483847,1.15700500794,3.06681108668,100.0,0.259626248053,0.227412651544,1.18269918611,1.66321866736,0.406888403522,0.0513883563354,-1.02815062191,100.0
3.250586,-0.601703963361,-0.473233072522,-1.24137395118,1.3828836787,-0.61167483847,1.15662151274,3.06681108668,100.0,0.261543724036,0.226645661151,1.18461666209,1.66667012413,0.409572869897,0.0437184524048,-1.02700013632,100.0
3.260519,-0.601703963361,-0.474000062915,-1.24060696078,1.3825001835,-0.612441828864,1.15623801755,3.06681108668,100.0,0.263077704822,0.226645661151,1.18730112847,1.67127206649,0.409572869897,0.0360485484741,-1.02508266033,100.0
3.270599,-0.602470953754,-0.474000062915,-1.24137395118,1.38365066909,-0.611291343274,1.15700500794,3.06642759148,100.0,0.265378676001,0.224728185168,1.18845161406,1.67510701846,0.411106850684,0.0291456349365,-1.02354867955,100.0
3.280595,-0.602087458557,-0.474383558112,-1.24137395118,1.3832671739,-0.612058333667,1.15738850314,3.06681108668,100.0,0.26767964718,0.224728185168,1.19075258524,1.67894197042,0.412257336273,0.0222427213989,-1.02124770837,100.0
3.290592,-0.60285444895,-0.474383558112,-1.24099045598,1.38403416429,-0.612441828864,1.15738850314,3.06681108668,100.0,0.268063142377,0.223961194775,1.19113608043,1.68277692239,0.413024326666,0.0176407790405,-1.01933023239,100.0
3.300589,-0.60285444895,-0.474383558112,-1.24175744637,1.38365066909,-0.612058333667,1.15662151274,3.06566060109,100.0,0.269597123163,0.223194204382,1.19382054681,1.68622837916,0.413791317059,0.0138058270752,-1.01702926121,100.0
3.310582,-0.603621439343,-0.474000062915,-1.24137395118,1.38480115468,-0.61167483847,1.15738850314,3.06642759148,100.0,0.270747608752,0.222427213989,1.1949710324,1.69006333112,0.414558307452,0.00882038952026,-1.01549528042,100.0
3.320561,-0.60285444895,-0.475150548505,-1.24022346559,1.38441765948,-0.611291343274,1.15738850314,3.06681108668,100.0,0.271898094342,0.220893233203,1.19650501318,1.6927477975,0.414558307452,0.00536893275146,-1.01319430924,100.0
3.330558,-0.60285444895,-0.475150548505,-1.24099045598,1.38480115468,-0.61167483847,1.15700500794,3.06681108668,100.0,0.271898094342,0.220509738007,1.19688850838,1.69658274946,0.415325297845,0.00268446637573,-1.01204382365,100.0
3.340528,-0.603237944147,-0.475150548505,-1.24175744637,1.38441765948,-0.610524352881,1.15700500794,3.06566060109,100.0,0.273432075128,0.218592262024,1.19727200358,1.69965071104,0.415325297845,0.00268446637573,-1.01127683326,100.0
3.350573,-0.602470953754,-0.475150548505,-1.24137395118,1.38403416429,-0.610524352881,1.15662151274,3.06681108668,100.0,0.273432075128,0.217825271631,1.19765549877,1.7031021678,0.414558307452,0.00191747598267,-1.01204382365,100.0
3.360527,-0.603237944147,-0.475150548505,-1.24099045598,1.38480115468,-0.610140857684,1.15738850314,3.06642759148,100.0,0.273815570325,0.215907795648,1.19765549877,1.70617012938,0.413791317059,0.00268446637573,-1.01050984286,100.0
3.370514,-0.602470953754,-0.476301034094,-1.24175744637,1.38441765948,-0.609757362488,1.15662151274,3.06681108668,100.0,0.274582560718,0.214757310059,1.19612151799,1.70808760536,0.414941802649,0.0034514567688,-1.01050984286,100.0
3.380676,-0.602470953754,-0.475150548505,-1.24099045598,1.38441765948,-0.609757362488,1.15738850314,3.06719458187,100.0,0.273432075128,0.213223329272,1.19650501318,1.71077207173,0.414174812256,0.00536893275146,-1.01050984286,100.0
3.390618,-0.60285444895,-0.475534043701,-1.24022346559,1.38441765948,-0.609757362488,1.15815549353,3.06681108668,100.0,0.273432075128,0.21130585329,1.19612151799,1.71307304291,0.414558307452,0.0080533991272,-1.01089333806,100.0
3.400679,-0.603621439343,-0.475534043701,-1.24022346559,1.38480115468,-0.608990372095,1.15738850314,3.06681108668,100.0,0.272665084735,0.209771872504,1.19535452759,1.7142235285,0.414941802649,0.0118883510925,-1.01050984286,100.0
3.410572,-0.603237944147,-0.477068024487,-1.24022346559,1.38556814507,-0.609373867291,1.15623801755,3.06566060109,100.0,0.273432075128,0.207470901324,1.194204042,1.71652449968,0.414558307452,0.0153398078613,-1.00974285247,100.0
3.420645,-0.602470953754,-0.476684529291,-1.24022346559,1.38403416429,-0.608990372095,1.15662151274,3.06681108668,100.0,0.272665084735,0.204786434949,1.19190307083,1.71844197567,0.414174812256,0.0199417502197,-1.01050984286,100.0
3.430526,-0.603237944147,-0.476684529291,-1.24099045598,1.38441765948,-0.608990372095,1.15738850314,3.06681108668,100.0,0.272665084735,0.203252454163,1.19075258524,1.71882547086,0.414558307452,0.0249271877747,-1.01127683326,100.0
3.440552,-0.60285444895,-0.477451519684,-1.23983997039,1.38441765948,-0.608223381702,1.15777199833,3.06681108668,100.0,0.272665084735,0.200567987787,1.18845161406,1.71920896606,0.414941802649,0.0299126253296,-1.01050984286,100.0
3.450555,-0.603237944147,-0.477068024487,-1.24060696078,1.38403416429,-0.608990372095,1.15700500794,3.06642759148,100.0,0.271898094342,0.197500026215,1.18691763327,1.71997595645,0.414174812256,0.0360485484741,-1.01127683326,100.0
3.460560,-0.602087458557,-0.47783501488,-1.24060696078,1.38480115468,-0.608990372095,1.15662151274,3.06642759148,100.0,0.270747608752,0.196349540625,1.18461666209,1.72150993724,0.414941802649,0.0414174812256,-1.00974285247,100.0
3.470571,-0.60285444895,-0.477451519684,-1.24022346559,1.38403416429,-0.608606876898,1.15700500794,3.06681108668,100.0,0.270747608752,0.193665074249,1.18269918611,1.72227692763,0.415325297845,0.0487038899597,-1.01012634767,100.0
3.480546,-0.602470953754,-0.478218510077,-1.24099045598,1.3832671739,-0.609373867291,1.15700500794,3.06566060109,100.0,0.271131103949,0.19021361748,1.18039821493,1.72150993724,0.415708793042,0.0559902986938,-1.01050984286,100.0
3.490579,-0.602470953754,-0.478218510077,-1.24022346559,1.38441765948,-0.608606876898,1.15777199833,3.06642759148,100.0,0.270747608752,0.187529151105,1.17733025336,1.72112644204,0.416092288239,0.0636602026245,-1.01012634767,100.0
3.500586,-0.603237944147,-0.47783501488,-1.24060696078,1.38518464988,-0.609373867291,1.15777199833,3.06642759148,100.0,0.270747608752,0.185228179926,1.17426229178,1.72074294684,0.416475783435,0.069796125769,-1.01050984286,100.0
3.510605,-0.602470953754,-0.478602005273,-1.24099045598,1.3832671739,-0.608223381702,1.15738850314,3.06681108668,100.0,0.270747608752,0.18254371355,1.17119433021,1.72035945165,0.416475783435,0.0782330200928,-1.01012634767,100.0
3.520507,-0.60285444895,-0.478602005273,-1.24099045598,1.38365066909,-0.608990372095,1.15738850314,3.06681108668,100.0,0.271131103949,0.180626237567,1.16850986384,1.71997595645,0.416475783435,0.0855194288269,-1.01089333806,100.0
3.530509,-0.602470953754,-0.479368995667,-1.24022346559,1.38441765948,-0.608606876898,1.15777199833,3.06681108668,100.0,0.271131103949,0.177941771191,1.16582539746,1.71959246125,0.416475783435,0.0924223423645,-1.01012634767,100.0
3.540550,-0.602087458557,-0.479368995667,-1.24060696078,1.3828836787,-0.609373867291,1.15738850314,3.06681108668,100.0,0.271131103949,0.175640800012,1.16390792148,1.71882547086,0.416475783435,0.100859236688,-1.01050984286,100.0
3.550545,-0.60285444895,-0.479752490863,-1.24060696078,1.38441765948,-0.609373867291,1.15700500794,3.06681108668,100.0,0.271131103949,0.17372332403,1.16007296951,1.71767498527,0.416475783435,0.107762150226,-1.00974285247,100.0
3.560561,-0.601703963361,-0.479368995667,-1.24099045598,1.38365066909,-0.609757362488,1.15738850314,3.06681108668,100.0,0.271898094342,0.171805848047,1.15815549353,1.71729149008,0.416859278632,0.114281568567,-1.01012634767,100.0
3.570502,-0.603621439343,-0.479368995667,-1.24060696078,1.3828836787,-0.609757362488,1.15738850314,3.06681108668,100.0,0.271898094342,0.168354391278,1.15508753196,1.71652449968,0.416859278632,0.121567977301,-1.01050984286,100.0
3.580549,-0.602087458557,-0.479368995667,-1.24060696078,1.38403416429,-0.609373867291,1.15738850314,3.06642759148,100.0,0.271131103949,0.165669924902,1.15240306558,1.71575750929,0.418009764221,0.127703900446,-1.00974285247,100.0
3.590534,-0.602470953754,-0.479752490863,-1.24060696078,1.38365066909,-0.609757362488,1.15777199833,3.06681108668,100.0,0.271131103949,0.162985458527,1.14895160881,1.71575750929,0.417242773828,0.13383982359,-1.00935935728,100.0
3.600492,-0.601703963361,-0.47898550047,-1.24099045598,1.38480115468,-0.609373867291,1.15777199833,3.06566060109,100.0,0.272665084735,0.161067982544,1.14550015204,1.71537401409,0.416859278632,0.138441765948,-1.00974285247,100.0
3.610552,-0.602470953754,-0.479752490863,-1.23983997039,1.38480115468,-0.609757362488,1.15815549353,3.06681108668,100.0,0.273432075128,0.158767011365,1.14319918087,1.7149905189,0.417626269025,0.1438106987,-1.01089333806,100.0
3.620523,-0.602470953754,-0.48013598606,-1.24060696078,1.38480115468,-0.610140857684,1.15738850314,3.06757807707,100.0,0.273432075128,0.156849535382,1.14051471449,1.71384003331,0.417242773828,0.149179631451,-1.01012634767,100.0
3.630543,-0.602470953754,-0.48013598606,-1.24099045598,1.38441765948,-0.610140857684,1.15738850314,3.06681108668,100.0,0.273048579932,0.155699049792,1.13821374331,1.71384003331,0.417242773828,0.154548564203,-1.01012634767,100.0
3.640669,-0.602087458557,-0.479368995667,-1.24022346559,1.3832671739,-0.610140857684,1.15853898873,3.06642759148,100.0,0.273432075128,0.15378157381,1.13629626733,1.71268954772,0.417626269025,0.160300992151,-1.01012634767,100.0
3.650616,-0.602087458557,-0.48013598606,-1.24022346559,1.38441765948,-0.610907848077,1.15892248392,3.06681108668,100.0,0.273048579932,0.152247593024,1.13399529615,1.71268954772,0.417626269025,0.165669924902,-1.01089333806,100.0
3.660592,-0.602470953754,-0.479752490863,-1.24099045598,1.3828836787,-0.610907848077,1.15930597912,3.06681108668,100.0,0.273432075128,0.151864097827,1.13169432497,1.71077207173,0.416859278632,0.169888372064,-1.01050984286,100.0
3.670544,-0.601703963361,-0.48013598606,-1.24022346559,1.38365066909,-0.611291343274,1.15892248392,3.06681108668,100.0,0.273048579932,0.149563126648,1.13054383938,1.71077207173,0.417626269025,0.174873809619,-1.01012634767,100.0
3.680512,-0.602087458557,-0.479752490863,-1.24099045598,1.38403416429,-0.611291343274,1.15892248392,3.06681108668,100.0,0.273048579932,0.149179631451,1.1286263634,1.71000508134,0.417242773828,0.179092256781,-1.00974285247,100.0
3.690587,-0.601320468164,-0.480519481256,-1.24022346559,1.38365066909,-0.61167483847,1.15930597912,3.06719458187,100.0,0.273048579932,0.148412641058,1.12594189702,1.70847110056,0.416859278632,0.183694199139,-1.01012634767,100.0
3.700558,-0.602087458557,-0.48013598606,-1.24099045598,1.3832671739,-0.612058333667,1.15853898873,3.06681108668,100.0,0.272665084735,0.147262155469,1.12517490663,1.70847110056,0.417242773828,0.188296141498,-1.01050984286,100.0
3.710548,-0.601320468164,-0.480519481256,-1.24022346559,1.38365066909,-0.612058333667,1.15853898873,3.06681108668,100.0,0.273048579932,0.147645650665,1.12325743065,1.70808760536,0.417242773828,0.192131093463,-1.01012634767,100.0
3.720578,-0.601320468164,-0.48013598606,-1.24099045598,1.38441765948,-0.612441828864,1.15853898873,3.06566060109,100.0,0.273815570325,0.147262155469,1.12287393545,1.70770411016,0.417626269025,0.195582550232,-1.01050984286,100.0
3.730508,-0.601320468164,-0.479752490863,-1.24099045598,1.38365066909,-0.612441828864,1.15815549353,3.06642759148,100.0,0.273815570325,0.147262155469,1.12095645947,1.70770411016,0.417242773828,0.199800997394,-1.00974285247,100.0
3.740459,-0.601703963361,-0.479752490863,-1.24060696078,1.38365066909,-0.612441828864,1.15892248392,3.06642759148,100.0,0.273432075128,0.147262155469,1.11980597388,1.70617012938,0.416859278632,0.202868958966,-1.01050984286,100.0
3.750495,-0.601703963361,-0.479752490863,-1.24099045598,1.38365066909,-0.612058333667,1.15892248392,3.06642759148,100.0,0.273048579932,0.146111669879,1.11903898348,1.70578663418,0.416475783435,0.207470901324,-1.01012634767,100.0
3.760512,-0.601320468164,-0.480519481256,-1.24060696078,1.3832671739,-0.613208819257,1.15815549353,3.06681108668,100.0,0.273048579932,0.147262155469,1.11788849789,1.70425265339,0.416475783435,0.2101553677,-1.01050984286,100.0
3.770454,-0.601320468164,-0.48013598606,-1.24022346559,1.38441765948,-0.612441828864,1.15892248392,3.06719458187,100.0,0.273432075128,0.148029145862,1.1171215075,1.70425265339,0.417242773828,0.212456338879,-1.01050984286,100.0
3.780445,-0.600936972968,-0.480519481256,-1.24022346559,1.38365066909,-0.612441828864,1.15930597912,3.06757807707,100.0,0.273048579932,0.148412641058,1.1167380123,1.7038691582,0.417626269025,0.214757310059,-1.01050984286,100.0
3.790442,-0.600936972968,-0.480519481256,-1.24099045598,1.3828836787,-0.612441828864,1.15815549353,3.06681108668,100.0,0.273432075128,0.148412641058,1.11597102191,1.70271867261,0.417242773828,0.216674786041,-1.01089333806,100.0
3.800437,-0.601320468164,-0.48013598606,-1.24060696078,1.38365066909,-0.612441828864,1.15815549353,3.06681108668,100.0,0.273815570325,0.149563126648,1.11597102191,1.7031021678,0.416859278632,0.218208766827,-1.01050984286,100.0
3.810463,-0.600936972968,-0.480519481256,-1.24060696078,1.38365066909,-0.612441828864,1.15892248392,3.06681108668,100.0,0.273432075128,0.149946621844,1.11597102191,1.70271867261,0.416859278632,0.219742747614,-1.01012634767,100.0
3.820466,-0.600553477771,-0.48013598606,-1.2394564752,1.38403416429,-0.61282532406,1.15853898873,3.06642759148,100.0,0.274199065521,0.151097107434,1.11597102191,1.70156818702,0.417626269025,0.221660223596,-1.01050984286,100.0
3.830492,-0.600553477771,-0.480519481256,-1.23983997039,1.38403416429,-0.612441828864,1.15853898873,3.06681108668,100.0,0.273048579932,0.150713612238,1.11520403152,1.70080119662,0.416859278632,0.220893233203,-1.01050984286,100.0
3.840470,-0.600936972968,-0.480519481256,-1.24060696078,1.38403416429,-0.612058333667,1.15892248392,3.06642759148,100.0,0.273048579932,0.151864097827,1.11482053632,1.70118469182,0.417242773828,0.222427213989,-1.01089333806,100.0
3.850495,-0.600553477771,-0.48013598606,-1.23983997039,1.38403416429,-0.612441828864,1.15892248392,3.06681108668,100.0,0.272665084735,0.151864097827,1.11520403152,1.70195168221,0.416859278632,0.222427213989,-1.01050984286,100.0
3.860534,-0.600553477771,-0.480519481256,-1.2394564752,1.38441765948,-0.612441828864,1.15815549353,3.06681108668,100.0,0.273432075128,0.15263108822,1.11558752672,1.70080119662,0.417242773828,0.222043718793,-1.01050984286,100.0
3.870453,-0.600169982574,-0.48013598606,-1.24099045598,1.3832671739,-0.61282532406,1.15930597912,3.06719458187,100.0,0.273432075128,0.153014583417,1.11520403152,1.70118469182,0.416475783435,0.222043718793,-1.01050984286,100.0
3.880474,-0.600169982574,-0.480519481256,-1.24099045598,1.38365066909,-0.612441828864,1.15892248392,3.06681108668,100.0,0.273815570325,0.15263108822,1.11520403152,1.70156818702,0.417242773828,0.2212767284,-1.01050984286,100.0
3.890468,-0.600169982574,-0.480902976453,-1.23983997039,1.38403416429,-0.612441828864,1.15853898873,3.06681108668,100.0,0.273815570325,0.15263108822,1.11558752672,1.70118469182,0.416859278632,0.221660223596,-1.01050984286,100.0
3.900447,-0.599786487378,-0.480902976453,-1.24022346559,1.38365066909,-0.612441828864,1.15892248392,3.06681108668,100.0,0.273815570325,0.15263108822,1.11597102191,1.70156818702,0.417242773828,0.221660223596,-1.01050984286,100.0
3.910495,-0.599402992181,-0.48013598606,-1.23983997039,1.3828836787,-0.612058333667,1.15853898873,3.06681108668,100.0,0.273432075128,0.153014583417,1.11597102191,1.70195168221,0.416859278632,0.221660223596,-1.01127683326,100.0
3.920504,-0.599786487378,-0.48013598606,-1.23983997039,1.3828836787,-0.612441828864,1.15892248392,3.06681108668,100.0,0.274966055914,0.152247593024,1.11558752672,1.70156818702,0.417626269025,0.221660223596,-1.01050984286,100.0
3.930564,-0.600169982574,-0.480519481256,-1.2394564752,1.3828836787,-0.612441828864,1.15815549353,3.06681108668,100.0,0.274966055914,0.151864097827,1.11520403152,1.70118469182,0.417242773828,0.222427213989,-1.01050984286,100.0
3.940532,-0.599402992181,-0.48013598606,-1.24099045598,1.3832671739,-0.612441828864,1.15892248392,3.06566060109,100.0,0.274966055914,0.152247593024,1.11443704113,1.70195168221,0.416859278632,0.222427213989,-1.01089333806,100.0
3.950544,-0.598636001788,-0.48013598606,-1.2394564752,1.38403416429,-0.612058333667,1.15853898873,3.06681108668,100.0,0.274966055914,0.151864097827,1.11520403152,1.70156818702,0.417242773828,0.222427213989,-1.01050984286,100.0
3.960487,-0.598636001788,-0.480902976453,-1.24022346559,1.3832671739,-0.612058333667,1.15853898873,3.06681108668,100.0,0.274582560718,0.151480602631,1.11520403152,1.70156818702,0.416859278632,0.222427213989,-1.01050984286,100.0
3.970443,-0.598636001788,-0.480519481256,-1.23907298,1.38365066909,-0.612058333667,1.15815549353,3.06681108668,100.0,0.275733046307,0.151480602631,1.11597102191,1.70195168221,0.417242773828,0.221660223596,-1.01127683326,100.0
3.980436,-0.598252506592,-0.48013598606,-1.2394564752,1.38365066909,-0.612058333667,1.15853898873,3.06642759148,100.0,0.275733046307,0.151480602631,1.11558752672,1.70271867261,0.417626269025,0.222043718793,-1.01127683326,100.0
3.990437,-0.598252506592,-0.480902976453,-1.2394564752,1.38403416429,-0.612441828864,1.15853898873,3.06642759148,100.0,0.276116541504,0.151097107434,1.11482053632,1.70233517741,0.417242773828,0.221660223596,-1.01050984286,100.0
4.000435,-0.598636001788,-0.480519481256,-1.24022346559,1.38441765948,-0.611291343274,1.15892248392,3.06681108668,100.0,0.2765000367,0.150713612238,1.11520403152,1.70271867261,0.416859278632,0.221660223596,-1.00935935728,100.0

