time,left_s0,left_s1,left_e0,left_e1,left_w0,left_w1,left_w2,left_gripper,right_s0,right_s1,right_e0,right_e1,right_w0,right_w1,right_w2,right_gripper
0.361386,-0.357801018365,-0.605538915326,-1.05461179047,1.25556327345,-0.655776786072,1.02661664112,3.06681108668,100.0,0.13499030918,-0.199800997394,0.91041759657,1.61144681583,0.446388408765,0.184844684729,-1.02048071797,100.0
0.361446,-0.357801018365,-0.605538915326,-1.05461179047,1.25556327345,-0.655776786072,1.02661664112,3.06681108668,100.0,0.13499030918,-0.199800997394,0.91041759657,1.61144681583,0.446388408765,0.184844684729,-1.02048071797,100.0
0.371609,-0.348980628845,-0.607839886505,-1.0507768385,1.24444191275,-0.655393290875,1.0177962516,3.06681108668,100.0,0.129621376428,-0.212456338879,0.901213711853,1.60492739749,0.447155399158,0.197883521411,-1.02048071797,100.0
0.381632,-0.344378686487,-0.608606876898,-1.04885936252,1.2386894848,-0.655009795679,1.01281081404,3.06566060109,100.0,0.126169919659,-0.218208766827,0.897378759888,1.60109244553,0.447538894354,0.203635949359,-1.02009722278,100.0
0.391564,-0.344378686487,-0.608606876898,-1.04885936252,1.2386894848,-0.655009795679,1.01281081404,3.06566060109,100.0,0.126169919659,-0.218208766827,0.897378759888,1.60109244553,0.447538894354,0.203635949359,-1.02009722278,100.0
0.401515,-0.340160239325,-0.610907848077,-1.04655839134,1.23408754244,-0.655009795679,1.0066748909,3.06681108668,100.0,0.123485453284,-0.224344689972,0.892009827136,1.59802448395,0.446771903961,0.208237891718,-1.02086421317,100.0
0.411800,-0.330956354608,-0.613592314453,-1.04233994418,1.22143220096,-0.655009795679,0.997087510986,3.06681108668,100.0,0.117733025336,-0.235849545868,0.883956428009,1.5926555512,0.447538894354,0.212839834076,-1.02009722278,100.0
0.421769,-0.32635441225,-0.614359304846,-1.04042246819,1.21606326821,-0.655009795679,0.992485568628,3.06642759148,100.0,0.115815549353,-0.241601973816,0.878970990454,1.58920409443,0.447155399158,0.214757310059,-1.02048071797,100.0
0.431502,-0.32635441225,-0.614359304846,-1.04042246819,1.21606326821,-0.655009795679,0.992485568628,3.06642759148,100.0,0.115815549353,-0.241601973816,0.878970990454,1.58920409443,0.447155399158,0.214757310059,-1.02048071797,100.0
0.441503,-0.322519460284,-0.616660276025,-1.03697101143,1.20992734506,-0.655393290875,0.987116635876,3.06757807707,100.0,0.113131082977,-0.246970906567,0.875136038489,1.58536914247,0.447538894354,0.21897575722,-1.01971372758,100.0
0.451572,-0.314466061157,-0.618194256812,-1.03198557387,1.19727200358,-0.654242805286,0.975228284784,3.06681108668,100.0,0.108145645422,-0.256941781677,0.865548658575,1.57578176255,0.447155399158,0.226645661151,-1.02086421317,100.0
0.461542,-0.314466061157,-0.618194256812,-1.03198557387,1.19727200358,-0.654242805286,0.975228284784,3.06681108668,100.0,0.108145645422,-0.256941781677,0.865548658575,1.57578176255,0.447155399158,0.226645661151,-1.02086421317,100.0
0.471681,-0.307179652423,-0.62164571358,-1.02623314592,1.1830826813,-0.653475814893,0.963339933691,3.06681108668,100.0,0.102776712671,-0.26767964718,0.857495259448,1.56772836343,0.447538894354,0.23124760351,-1.02048071797,100.0
0.481579,-0.307179652423,-0.62164571358,-1.02623314592,1.1830826813,-0.653475814893,0.963339933691,3.06681108668,100.0,0.102776712671,-0.26767964718,0.857495259448,1.56772836343,0.447538894354,0.23124760351,-1.02048071797,100.0
0.491623,-0.302194214868,-0.621262218384,-1.02431566994,1.17733025336,-0.6527088245,0.95912148653,3.06681108668,100.0,0.100859236688,-0.271514599146,0.853660307483,1.56427690666,0.447922389551,0.233165079492,-1.02048071797,100.0
0.501508,-0.299509748492,-0.622412703973,-1.02163120356,1.17004384462,-0.652325329303,0.953369058582,3.06681108668,100.0,0.0981747703125,-0.275349551111,0.848674869928,1.5592914691,0.448305884747,0.236616536261,-1.02048071797,100.0
0.511505,-0.294907806134,-0.62394668476,-1.0181797468,1.16352442628,-0.65155833891,0.946082649847,3.06681108668,100.0,0.0954903039368,-0.280334988666,0.844456422766,1.55392253635,0.447922389551,0.239301002637,-1.01971372758,100.0
0.521509,-0.292223339758,-0.62394668476,-1.01626227081,1.15623801755,-0.650791348517,0.939946726703,3.06681108668,100.0,0.092805837561,-0.284169940631,0.839854480408,1.54932059399,0.448305884747,0.242752459406,-1.02086421317,100.0
0.531512,-0.288388387793,-0.624713675153,-1.01127683326,1.14741762803,-0.649640862927,0.932660317969,3.06681108668,100.0,0.0908883615784,-0.289538873383,0.836019528442,1.54395166124,0.448689379944,0.245436925781,-1.02086421317,100.0
0.541540,-0.280718483862,-0.627398141528,-1.00744188129,1.13399529615,-0.646572901355,0.92038847168,3.06681108668,100.0,0.0874369048096,-0.297975767706,0.826815643726,1.53359729094,0.447922389551,0.25003886814,-1.02009722278,100.0
0.551532,-0.280718483862,-0.627398141528,-1.00744188129,1.13399529615,-0.646572901355,0.92038847168,3.06681108668,100.0,0.0874369048096,-0.297975767706,0.826815643726,1.53359729094,0.447922389551,0.25003886814,-1.02009722278,100.0
0.561513,-0.277267027094,-0.627781636725,-1.00360692933,1.12594189702,-0.645422415765,0.913869053339,3.06642759148,100.0,0.0847524384338,-0.301427224475,0.823364186957,1.52822835818,0.448689379944,0.251956344122,-1.02009722278,100.0
0.571551,-0.274582560718,-0.628548627118,-1.00207294854,1.11942247868,-0.643888434979,0.908116625391,3.06681108668,100.0,0.0828349624512,-0.305645671637,0.819912730188,1.52400991102,0.448305884747,0.253873820105,-1.02086421317,100.0
0.581502,-0.271131103949,-0.629699112708,-0.998237996576,1.11098558436,-0.64273794939,0.900830216656,3.06642759148,100.0,0.0809174864685,-0.310247613995,0.81531078783,1.51749049268,0.447922389551,0.255407800891,-1.02086421317,100.0
0.591712,-0.264228190411,-0.631233093494,-0.991335083038,1.09602927169,-0.638136007031,0.887024389581,3.06681108668,100.0,0.0766990393066,-0.317917517926,0.806106903113,1.50751961757,0.448689379944,0.256941781677,-1.02009722278,100.0
0.601600,-0.261160228839,-0.632000083887,-0.988650616663,1.08835936776,-0.635835035852,0.880121476044,3.06642759148,100.0,0.0763155441101,-0.322519460284,0.800737970361,1.50215068482,0.448689379944,0.257325276874,-1.02009722278,100.0
0.611508,-0.258092267267,-0.63276707428,-0.98558265509,1.08068946383,-0.633917559869,0.87283506731,3.06642759148,100.0,0.0732475825378,-0.32635441225,0.796903018396,1.49563126648,0.449456370337,0.259242752856,-1.02086421317,100.0
0.621513,-0.258092267267,-0.63276707428,-0.98558265509,1.08068946383,-0.633917559869,0.87283506731,3.06642759148,100.0,0.0732475825378,-0.32635441225,0.796903018396,1.49563126648,0.449456370337,0.259242752856,-1.02086421317,100.0
0.631506,-0.255407800891,-0.633917559869,-0.982131198322,1.0726360647,-0.632000083887,0.866699144165,3.06642759148,100.0,0.0709466113586,-0.330956354608,0.792301076038,1.48949534333,0.44907287514,0.260393238446,-1.01971372758,100.0
0.641509,-0.252723334515,-0.635068045459,-0.978296246356,1.06343217999,-0.628932122314,0.860179725824,3.06681108668,100.0,0.0694126305725,-0.334791306573,0.785781657697,1.48450990578,0.450606855927,0.261160228839,-1.02009722278,100.0
0.651658,-0.246203916174,-0.636985521442,-0.971776828015,1.04809237213,-0.624713675153,0.846757393945,3.06681108668,100.0,0.0663446690002,-0.343228200897,0.775810782587,1.47223805949,0.453291322302,0.262694209625,-1.01971372758,100.0
0.661674,-0.246203916174,-0.636985521442,-0.971776828015,1.04809237213,-0.624713675153,0.846757393945,3.06681108668,100.0,0.0663446690002,-0.343228200897,0.775810782587,1.47223805949,0.453291322302,0.262694209625,-1.01971372758,100.0
0.671502,-0.244286440192,-0.638136007031,-0.967558380853,1.04042246819,-0.621262218384,0.838703994818,3.06681108668,100.0,0.064043697821,-0.346679657666,0.771208840228,1.46686912674,0.455975788678,0.262694209625,-1.01894673719,100.0
0.681551,-0.241985469012,-0.638902997424,-0.964106924084,1.03160207867,-0.617810761615,0.830650595691,3.06681108668,100.0,0.0628932122314,-0.351665095221,0.76660689787,1.46111669879,0.457893264661,0.263077704822,-1.0174127564,100.0
0.691515,-0.23891750744,-0.639286492621,-0.959504981726,1.02354867955,-0.614742800043,0.82298069176,3.06681108668,100.0,0.0609757362488,-0.355500047186,0.760470974725,1.45536427084,0.462111711823,0.263461200018,-1.01664576601,100.0
0.701585,-0.234315565082,-0.640820473407,-0.952985563385,1.00820887169,-0.609373867291,0.806873893506,3.06719458187,100.0,0.05752427948,-0.363553446313,0.749349614026,1.44270892936,0.468247634967,0.264228190411,-1.01242731885,100.0
0.711672,-0.23124760351,-0.641203968604,-0.947616630634,0.999004986969,-0.606689400916,0.798820494379,3.06681108668,100.0,0.0563737938904,-0.368155388672,0.743597186078,1.4377234918,0.472849577325,0.264995180804,-1.01089333806,100.0
0.721735,-0.22894663233,-0.642354454193,-0.945699154651,0.990184597449,-0.603237944147,0.790767095251,3.06681108668,100.0,0.0552233083008,-0.37275733103,0.738228253326,1.43158756866,0.477451519684,0.264995180804,-1.00897586208,100.0
0.731504,-0.22894663233,-0.642354454193,-0.945699154651,0.990184597449,-0.603237944147,0.790767095251,3.06681108668,100.0,0.0552233083008,-0.37275733103,0.738228253326,1.43158756866,0.477451519684,0.264995180804,-1.00897586208,100.0
0.741741,-0.223961194775,-0.643121444586,-0.937262260327,0.973694303998,-0.597102021002,0.773893306604,3.06681108668,100.0,0.0513883563354,-0.381577720551,0.726339902234,1.42084970316,0.48780588999,0.265378676001,-1.00399042452,100.0
0.751502,-0.223961194775,-0.643121444586,-0.937262260327,0.973694303998,-0.597102021002,0.773893306604,3.06681108668,100.0,0.0513883563354,-0.381577720551,0.726339902234,1.42084970316,0.48780588999,0.265378676001,-1.00399042452,100.0
0.761548,-0.222043718793,-0.643888434979,-0.934577793951,0.965257409674,-0.592500078644,0.763538936298,3.06681108668,100.0,0.0498543755493,-0.385412672516,0.720587474286,1.41471378001,0.492791327545,0.266145666394,-1.00207294854,100.0
0.771663,-0.217058281238,-0.645805910962,-0.926907890021,0.949534106616,-0.585597165106,0.743597186078,3.06566060109,100.0,0.0464029187805,-0.394616557233,0.708315627997,1.40359241931,0.503912688245,0.266529161591,-0.99670401579,100.0
0.781587,-0.217058281238,-0.645805910962,-0.926907890021,0.949534106616,-0.585597165106,0.743597186078,3.06566060109,100.0,0.0464029187805,-0.394616557233,0.708315627997,1.40359241931,0.503912688245,0.266529161591,-0.99670401579,100.0
0.791673,-0.213606824469,-0.646189406158,-0.923456433252,0.940713717096,-0.58291269873,0.734009806165,3.06681108668,100.0,0.0456359283875,-0.398835004395,0.702946695245,1.39745649617,0.509665116193,0.265762171198,-0.994403044611,100.0
0.801742,-0.209388377307,-0.646956396552,-0.917320510107,0.925757404431,-0.575626289996,0.714068055945,3.06681108668,100.0,0.0425679668152,-0.407271898718,0.69029135376,1.38671863066,0.520402981696,0.266529161591,-0.991718578235,100.0
0.811500,-0.209388377307,-0.646956396552,-0.917320510107,0.925757404431,-0.575626289996,0.714068055945,3.06681108668,100.0,0.0425679668152,-0.407271898718,0.69029135376,1.38671863066,0.520402981696,0.266529161591,-0.991718578235,100.0
0.821600,-0.207470901324,-0.648106882141,-0.913869053339,0.9180875005,-0.572558328424,0.703330190442,3.06681108668,100.0,0.040266995636,-0.411106850684,0.683771935419,1.38134969791,0.52538841925,0.266912656787,-0.989801102252,100.0
0.831504,-0.204402939752,-0.648106882141,-0.910801091766,0.911568082159,-0.569490366852,0.691825334546,3.06642759148,100.0,0.0398835004395,-0.416092288239,0.678403002667,1.37636426036,0.529606866412,0.266912656787,-0.98788362627,100.0
0.841539,-0.202101968573,-0.648873872534,-0.907349634998,0.903514683032,-0.56642240528,0.681854459436,3.06681108668,100.0,0.0375825292603,-0.420694230597,0.67150008913,1.37022833721,0.53535929436,0.266912656787,-0.987116635876,100.0
0.851614,-0.20018449259,-0.649640862927,-0.904281673425,0.896995264691,-0.562970948511,0.67150008913,3.06681108668,100.0,0.0364320436707,-0.425296172955,0.666514651575,1.36447590927,0.540728227112,0.26767964718,-0.98558265509,100.0
0.861809,-0.195199055035,-0.651941834106,-0.897378759888,0.882422447223,-0.557602015759,0.65155833891,3.06681108668,100.0,0.0337475772949,-0.435267048065,0.6527088245,1.35412153896,0.550699102222,0.26767964718,-0.984432169501,100.0
0.871527,-0.195199055035,-0.651941834106,-0.897378759888,0.882422447223,-0.557602015759,0.65155833891,3.06681108668,100.0,0.0337475772949,-0.435267048065,0.6527088245,1.35412153896,0.550699102222,0.26767964718,-0.984432169501,100.0
0.881511,-0.192898083856,-0.6527088245,-0.893543807922,0.876286524078,-0.556068034973,0.641203968604,3.06681108668,100.0,0.0325970917053,-0.44025248562,0.646956396552,1.34875260621,0.557218520563,0.269597123163,-0.984048674304,100.0
0.891516,-0.19021361748,-0.654242805286,-0.891242836743,0.87168458172,-0.55415055899,0.630849598297,3.06681108668,100.0,0.0310631109192,-0.444470932782,0.640820473407,1.34146619747,0.563354443707,0.269980618359,-0.983665179108,100.0
0.901682,-0.187529151105,-0.655393290875,-0.887407884778,0.864781668182,-0.550315607025,0.620878723187,3.06566060109,100.0,0.0299126253296,-0.44907287514,0.634301055066,1.33571376953,0.570257357245,0.270747608752,-0.983665179108,100.0
0.911691,-0.18254371355,-0.658461252448,-0.882422447223,0.853660307483,-0.547247645453,0.603237944147,3.06681108668,100.0,0.0279951493469,-0.45904375025,0.622412703973,1.32612638961,0.582145708337,0.274199065521,-0.983281683911,100.0
0.921511,-0.18254371355,-0.658461252448,-0.882422447223,0.853660307483,-0.547247645453,0.603237944147,3.06681108668,100.0,0.0279951493469,-0.45904375025,0.622412703973,1.32612638961,0.582145708337,0.274199065521,-0.983281683911,100.0
0.931509,-0.179859247174,-0.66037872843,-0.878587495258,0.849441860321,-0.54648065506,0.594417554626,3.06681108668,100.0,0.0256941781677,-0.464412683002,0.616276780829,1.31922347607,0.588665126678,0.274966055914,-0.983281683911,100.0
0.941605,-0.176407790405,-0.662296204413,-0.876286524078,0.843305937177,-0.544179683881,0.583679689124,3.06642759148,100.0,0.0253106829712,-0.469398120557,0.610140857684,1.31347104813,0.595951535413,0.276883531897,-0.984048674304,100.0
0.951512,-0.173339828833,-0.663446690002,-0.87283506731,0.838703994818,-0.543029198291,0.575626289996,3.06681108668,100.0,0.0237767021851,-0.473233072522,0.604388429736,1.30886910577,0.601320468164,0.279184503076,-0.983665179108,100.0
0.961735,-0.170655362457,-0.664213680396,-0.870917591327,0.83410205246,-0.541495217505,0.566805900476,3.06681108668,100.0,0.0237767021851,-0.484737928418,0.591349593054,1.29621376428,0.61167483847,0.281868969452,-0.983281683911,100.0
0.971508,-0.167587400885,-0.666898146771,-0.868233124951,0.828733119708,-0.541878712701,0.561053472528,3.06566060109,100.0,0.0226262165955,-0.484737928418,0.591349593054,1.29621376428,0.61167483847,0.281868969452,-0.983281683911,100.0
0.981532,-0.164135944116,-0.668815622754,-0.866699144165,0.825281662939,-0.541495217505,0.551466092615,3.06642759148,100.0,0.0222427213989,-0.489339870776,0.585597165106,1.29084483153,0.617043771222,0.284169940631,-0.983665179108,100.0
0.991533,-0.157616525775,-0.671883584326,-0.865548658575,0.816077778223,-0.542262207898,0.537276770343,3.06681108668,100.0,0.0199417502197,-0.49892725069,0.573325318817,1.27895648044,0.626247655939,0.28877188299,-0.983281683911,100.0
1.001505,-0.157616525775,-0.671883584326,-0.865548658575,0.816077778223,-0.542262207898,0.537276770343,3.06681108668,100.0,0.0199417502197,-0.49892725069,0.573325318817,1.27895648044,0.626247655939,0.28877188299,-0.983281683911,100.0
1.011519,-0.150713612238,-0.675335041095,-0.863631182593,0.809558359882,-0.541495217505,0.522703952875,3.06566060109,100.0,0.0180242742371,-0.509281620996,0.561436967725,1.26553414856,0.635451540656,0.293757320544,-0.983665179108,100.0
1.021750,-0.147645650665,-0.677252517078,-0.863631182593,0.80418942713,-0.540728227112,0.515801039337,3.06681108668,100.0,0.0187912646301,-0.514267058551,0.55530104458,1.25863123502,0.639286492621,0.29644178692,-0.983665179108,100.0
1.031506,-0.147645650665,-0.677252517078,-0.863631182593,0.80418942713,-0.540728227112,0.515801039337,3.06681108668,100.0,0.0187912646301,-0.514267058551,0.55530104458,1.25863123502,0.639286492621,0.29644178692,-0.983665179108,100.0
1.041625,-0.138825261145,-0.68032047865,-0.864014677789,0.798436999182,-0.542645703094,0.501995212262,3.06681108668,100.0,0.017257283844,-0.523470943268,0.543796188684,1.24520890314,0.646572901355,0.302194214868,-0.983665179108,100.0
1.051670,-0.134606813983,-0.682237954633,-0.864014677789,0.79421855202,-0.541495217505,0.495475793921,3.06681108668,100.0,0.0164902934509,-0.528072885626,0.53766026554,1.23677200882,0.65155833891,0.304111690851,-0.984048674304,100.0
1.061763,-0.130771862018,-0.684538925812,-0.863631182593,0.790767095251,-0.541495217505,0.48895637558,3.06566060109,100.0,0.0161067982544,-0.532674827985,0.531524342395,1.22910210489,0.654626300482,0.30756314762,-0.984432169501,100.0
1.071589,-0.126936910052,-0.686456401794,-0.864014677789,0.787315638483,-0.541495217505,0.482436957239,3.06681108668,100.0,0.0157233030579,-0.536893275146,0.524237933661,1.22143220096,0.657694262054,0.310631109192,-0.982514693518,100.0
1.081701,-0.123101958087,-0.688757372974,-0.863631182593,0.783864181714,-0.540728227112,0.475917538898,3.06681108668,100.0,0.0164902934509,-0.541878712701,0.518869000909,1.21337880183,0.661145718823,0.313699070764,-0.983665179108,100.0
1.091499,-0.123101958087,-0.688757372974,-0.863631182593,0.783864181714,-0.540728227112,0.475917538898,3.06681108668,100.0,0.0164902934509,-0.541878712701,0.518869000909,1.21337880183,0.661145718823,0.313699070764,-0.983665179108,100.0
1.101552,-0.11389807337,-0.693359315332,-0.864014677789,0.779645734552,-0.541111722308,0.464412683002,3.06642759148,100.0,0.0161067982544,-0.550315607025,0.50659715462,1.19803899397,0.668048632361,0.319068003516,-0.983281683911,100.0
1.111514,-0.11389807337,-0.693359315332,-0.864014677789,0.779645734552,-0.541111722308,0.464412683002,3.06642759148,100.0,0.0161067982544,-0.550315607025,0.50659715462,1.19803899397,0.668048632361,0.319068003516,-0.983281683911,100.0
1.121747,-0.104310693457,-0.698344752887,-0.864398172986,0.774660296997,-0.541111722308,0.450606855927,3.06681108668,100.0,0.0153398078613,-0.554534054187,0.492791327545,1.17733025336,0.67150008913,0.322135965088,-0.984048674304,100.0
1.131504,-0.104310693457,-0.698344752887,-0.864398172986,0.774660296997,-0.541111722308,0.450606855927,3.06681108668,100.0,0.0153398078613,-0.559519491742,0.492791327545,1.17733025336,0.674184555505,0.324436936267,-0.982898188715,100.0
1.141511,-0.100475741492,-0.701029219263,-0.864781668182,0.771975830621,-0.541111722308,0.444470932782,3.06681108668,100.0,0.0161067982544,-0.563354443707,0.48780588999,1.17004384462,0.677252517078,0.327504897839,-0.982898188715,100.0
1.151511,-0.0951068087402,-0.704097180835,-0.865165163379,0.770058354639,-0.541878712701,0.437951514441,3.06642759148,100.0,0.0161067982544,-0.567189395673,0.481669966846,1.16007296951,0.681087469043,0.329805869019,-0.982131198322,100.0
1.161714,-0.0855194288269,-0.709466113586,-0.865548658575,0.765072917084,-0.541878712701,0.425296172955,3.06642759148,100.0,0.0164902934509,-0.5752427948,0.46901462536,1.14243219047,0.686839896991,0.33517480177,-0.980213722339,100.0
1.171592,-0.080533991272,-0.711767084766,-0.865165163379,0.762388450708,-0.541495217505,0.4203107354,3.06566060109,100.0,0.0153398078613,-0.578694251569,0.464029187805,1.13284481056,0.689907858563,0.338626258539,-0.978296246356,100.0
1.181672,-0.0759320489136,-0.714835046338,-0.864781668182,0.760470974725,-0.541111722308,0.414941802649,3.06642759148,100.0,0.0157233030579,-0.582145708337,0.457893264661,1.12402442104,0.692208829742,0.341310724915,-0.97676226557,100.0
1.191712,-0.0701796209656,-0.716752522321,-0.865548658575,0.758553498743,-0.541495217505,0.408422384308,3.06566060109,100.0,0.0149563126648,-0.585980660303,0.452140836713,1.11405354593,0.695276791315,0.34399519129,-0.974461294391,100.0
1.201542,-0.0655776786072,-0.719820483893,-0.865548658575,0.756252527563,-0.541878712701,0.403820441949,3.06566060109,100.0,0.0157233030579,-0.589048621875,0.447155399158,1.10484966121,0.69796125769,0.347446648059,-0.971009837622,100.0
1.211660,-0.0598252506592,-0.723271940662,-0.865932153772,0.753951556384,-0.542645703094,0.398068014001,3.06681108668,100.0,0.0153398078613,-0.59288357384,0.441786466406,1.0956457765,0.701029219263,0.352048590417,-0.968325371246,100.0
1.221742,-0.0540728227112,-0.725956407037,-0.866315648969,0.752417575598,-0.542262207898,0.393082576447,3.06566060109,100.0,0.0161067982544,-0.595951535413,0.436801028851,1.08567490139,0.702563200049,0.356650532776,-0.964106924084,100.0
1.231559,-0.0540728227112,-0.725956407037,-0.866315648969,0.752417575598,-0.542262207898,0.393082576447,3.06566060109,100.0,0.0161067982544,-0.595951535413,0.436801028851,1.08567490139,0.702563200049,0.356650532776,-0.964106924084,100.0
1.241632,-0.0433349572083,-0.731708834985,-0.866315648969,0.749349614026,-0.542262207898,0.382344710944,3.06642759148,100.0,0.0157233030579,-0.601703963361,0.426446658545,1.06611664636,0.706781647211,0.366621407886,-0.956053524957,100.0
1.251512,-0.0433349572083,-0.731708834985,-0.866315648969,0.749349614026,-0.542262207898,0.382344710944,3.06642759148,100.0,0.0157233030579,-0.601703963361,0.426446658545,1.06611664636,0.706781647211,0.366621407886,-0.956053524957,100.0
1.261693,-0.0387330148499,-0.734009806165,-0.866315648969,0.747432138043,-0.542262207898,0.376975778192,3.06642759148,100.0,0.0157233030579,-0.603621439343,0.420694230597,1.05729625684,0.70908261839,0.370072864655,-0.950301097009,100.0
1.271739,-0.0260776733643,-0.740145729309,-0.865932153772,0.743213690881,-0.542645703094,0.367004903082,3.06566060109,100.0,0.0138058270752,-0.609373867291,0.41149034588,1.040038973,0.711767084766,0.381194225354,-0.937645755524,100.0
1.281504,-0.0260776733643,-0.740145729309,-0.865932153772,0.743213690881,-0.542645703094,0.367004903082,3.06566060109,100.0,0.0138058270752,-0.609373867291,0.41149034588,1.040038973,0.711767084766,0.381194225354,-0.937645755524,100.0
1.291627,-0.0168737886475,-0.745514662061,-0.866699144165,0.738995243719,-0.543029198291,0.359718494348,3.06642759148,100.0,0.0141893222717,-0.614359304846,0.40266995636,1.02201469876,0.711383589569,0.393466071643,-0.924223423645,100.0
1.301503,-0.0168737886475,-0.745514662061,-0.866699144165,0.738995243719,-0.543029198291,0.359718494348,3.06642759148,100.0,0.0141893222717,-0.614359304846,0.40266995636,1.02201469876,0.711383589569,0.393466071643,-0.924223423645,100.0
1.311560,-0.00498543755493,-0.749733109222,-0.865932153772,0.734009806165,-0.542645703094,0.351665095221,3.06566060109,100.0,0.0126553414856,-0.618577752008,0.39384956684,1.00552440531,0.711383589569,0.408805879504,-0.908883615784,100.0
1.321504,-0.00498543755493,-0.749733109222,-0.865932153772,0.734009806165,-0.542645703094,0.351665095221,3.06566060109,100.0,0.0126553414856,-0.618577752008,0.39384956684,1.00552440531,0.711383589569,0.408805879504,-0.908883615784,100.0
1.331545,0.0069029135376,-0.754335051581,-0.865932153772,0.730174854199,-0.543412693488,0.34514567688,3.06681108668,100.0,0.011504855896,-0.622029208777,0.385412672516,0.989801102252,0.711383589569,0.427213648938,-0.892776817529,100.0
1.341508,0.0069029135376,-0.754335051581,-0.865932153772,0.730174854199,-0.543412693488,0.34514567688,3.06681108668,100.0,0.011504855896,-0.622029208777,0.385412672516,0.989801102252,0.711383589569,0.427213648938,-0.892776817529,100.0
1.351518,0.0126553414856,-0.75663602276,-0.865932153772,0.727490387823,-0.543412693488,0.341694220111,3.06642759148,100.0,0.0111213606995,-0.625864160742,0.382344710944,0.983281683911,0.711000094373,0.437951514441,-0.884339923206,100.0
1.361507,0.0187912646301,-0.75778650835,-0.866699144165,0.724422426251,-0.543029198291,0.339393248932,3.06681108668,100.0,0.0107378655029,-0.627014646332,0.378126263782,0.97561177998,0.711383589569,0.447922389551,-0.875519533685,100.0
1.371740,0.0295291301331,-0.761621460315,-0.866315648969,0.720587474286,-0.543796188684,0.335558296967,3.06566060109,100.0,0.00843689432373,-0.630849598297,0.370456359851,0.963723428888,0.710233103979,0.467097149377,-0.857111764252,100.0
1.381515,0.0295291301331,-0.761621460315,-0.866315648969,0.720587474286,-0.543796188684,0.335558296967,3.06566060109,100.0,0.00843689432373,-0.630849598297,0.370456359851,0.963723428888,0.710233103979,0.467097149377,-0.857111764252,100.0
1.391580,0.034514567688,-0.763538936298,-0.866315648969,0.717136017517,-0.543412693488,0.334791306573,3.06566060109,100.0,0.00882038952026,-0.63276707428,0.367004903082,0.957587505743,0.70908261839,0.477451519684,-0.847907879535,100.0
1.401709,0.0456359283875,-0.76545641228,-0.866315648969,0.711767084766,-0.543796188684,0.331723345001,3.06681108668,100.0,0.00651941834106,-0.637369016638,0.359718494348,0.94684964024,0.708315627997,0.499310745886,-0.829116614905,100.0
1.411544,0.0456359283875,-0.76545641228,-0.866315648969,0.711767084766,-0.543796188684,0.331723345001,3.06681108668,100.0,0.00651941834106,-0.637369016638,0.359718494348,0.94684964024,0.708315627997,0.499310745886,-0.829116614905,100.0
1.421526,0.0510048611389,-0.766990393066,-0.865932153772,0.709849608783,-0.542262207898,0.329805869019,3.06681108668,100.0,0.00613592314453,-0.638519502228,0.355883542383,0.940713717096,0.708315627997,0.511582592175,-0.820296225385,100.0
1.431673,0.064043697821,-0.768524373853,-0.866699144165,0.702563200049,-0.543412693488,0.329422373822,3.06681108668,100.0,0.0046019423584,-0.643888434979,0.348213638452,0.931126337183,0.706398152014,0.533058323181,-0.803038941541,100.0
1.441511,0.064043697821,-0.768524373853,-0.866699144165,0.702563200049,-0.543412693488,0.329422373822,3.06681108668,100.0,0.0046019423584,-0.643888434979,0.348213638452,0.931126337183,0.706398152014,0.533058323181,-0.803038941541,100.0
1.451681,0.0728640873413,-0.770825345032,-0.866315648969,0.696043781708,-0.543029198291,0.328271888232,3.06681108668,100.0,0.000766990393066,-0.647723386945,0.341694220111,0.921922452466,0.705247666425,0.553000073401,-0.792684571234,100.0
1.461539,0.0728640873413,-0.770825345032,-0.866315648969,0.696043781708,-0.543029198291,0.328271888232,3.06681108668,100.0,0.000766990393066,-0.647723386945,0.341694220111,0.921922452466,0.705247666425,0.553000073401,-0.792684571234,100.0
1.471741,0.0859029240234,-0.771592335425,-0.866699144165,0.688757372974,-0.543796188684,0.328271888232,3.06681108668,100.0,0.000383495196533,-0.65155833891,0.334407811377,0.913102062946,0.703713685638,0.573325318817,-0.7853981625,100.0
1.481504,0.0859029240234,-0.771592335425,-0.866699144165,0.688757372974,-0.543796188684,0.328271888232,3.06681108668,100.0,0.000383495196533,-0.65155833891,0.334407811377,0.913102062946,0.703713685638,0.573325318817,-0.7853981625,100.0
1.491698,0.0908883615784,-0.772742821014,-0.866699144165,0.684922421008,-0.543029198291,0.329038878625,3.06566060109,100.0,0.000766990393066,-0.653475814893,0.332106840198,0.908116625391,0.701796209656,0.58291269873,-0.781563210535,100.0
1.501663,0.100092246295,-0.773126316211,-0.866315648969,0.677636012274,-0.543796188684,0.329422373822,3.06681108668,100.0,-0.0011504855896,-0.659995233234,0.32635441225,0.89929623587,0.698728248083,0.601320468164,-0.773893306604,100.0
1.511512,0.100092246295,-0.773126316211,-0.866315648969,0.677636012274,-0.543796188684,0.329422373822,3.06681108668,100.0,-0.0011504855896,-0.659995233234,0.32635441225,0.89929623587,0.698728248083,0.601320468164,-0.773893306604,100.0
1.521602,0.105461179047,-0.772359325818,-0.866699144165,0.673801060309,-0.543412693488,0.329038878625,3.06681108668,100.0,-0.00191747598267,-0.662296204413,0.32520392666,0.894310798315,0.696810772101,0.608990372095,-0.771975830621,100.0
1.531504,0.111980597388,-0.773126316211,-0.866315648969,0.669582613147,-0.543412693488,0.328271888232,3.06681108668,100.0,-0.00268446637573,-0.665364165985,0.322902955481,0.890092351154,0.694893296118,0.616276780829,-0.771208840228,100.0
1.541747,0.122334967694,-0.773893306604,-0.866315648969,0.660762223627,-0.542645703094,0.328655383429,3.06681108668,100.0,-0.00306796157227,-0.67150008913,0.318684508319,0.88050497124,0.691825334546,0.627781636725,-0.771975830621,100.0
1.551497,0.122334967694,-0.773893306604,-0.866315648969,0.660762223627,-0.542645703094,0.328655383429,3.06681108668,100.0,-0.00306796157227,-0.67150008913,0.318684508319,0.88050497124,0.691825334546,0.627781636725,-0.771975830621,100.0
1.561523,0.131922347607,-0.773126316211,-0.867082639362,0.650791348517,-0.542262207898,0.328655383429,3.06681108668,100.0,-0.00268446637573,-0.676869021881,0.316000041943,0.87168458172,0.686839896991,0.637369016638,-0.773126316211,100.0
1.571580,0.131922347607,-0.773126316211,-0.867082639362,0.650791348517,-0.542262207898,0.328655383429,3.06681108668,100.0,-0.00268446637573,-0.676869021881,0.316000041943,0.87168458172,0.686839896991,0.637369016638,-0.773126316211,100.0
1.581720,0.141509727521,-0.772742821014,-0.865932153772,0.641203968604,-0.543796188684,0.329038878625,3.06681108668,100.0,-0.00191747598267,-0.684155430615,0.314082565961,0.862480697003,0.682237954633,0.643888434979,-0.773893306604,100.0
1.591504,0.141509727521,-0.772742821014,-0.865932153772,0.641203968604,-0.543796188684,0.329038878625,3.06681108668,100.0,-0.00191747598267,-0.684155430615,0.314082565961,0.862480697003,0.682237954633,0.643888434979,-0.772742821014,100.0
1.601653,0.150330117041,-0.773893306604,-0.866315648969,0.631233093494,-0.543029198291,0.328655383429,3.06681108668,100.0,-0.00153398078613,-0.693742810529,0.312932080371,0.854427297876,0.676485526685,0.649257367731,-0.773126316211,100.0
1.611667,0.150330117041,-0.773893306604,-0.866315648969,0.631233093494,-0.543029198291,0.328655383429,3.06681108668,100.0,-0.00153398078613,-0.693742810529,0.312932080371,0.854427297876,0.676485526685,0.649257367731,-0.773126316211,100.0
1.621702,0.159534001758,-0.773126316211,-0.865548658575,0.62164571358,-0.543412693488,0.329038878625,3.06642759148,100.0,-0.0011504855896,-0.702563200049,0.312932080371,0.847524384338,0.669966108344,0.6527088245,-0.772359325818,100.0
1.631523,0.159534001758,-0.773126316211,-0.865548658575,0.62164571358,-0.543412693488,0.329038878625,3.06642759148,100.0,-0.0011504855896,-0.702563200049,0.312932080371,0.847524384338,0.669966108344,0.6527088245,-0.772359325818,100.0
1.641502,0.163368953723,-0.771592335425,-0.865548658575,0.617810761615,-0.543796188684,0.329422373822,3.06566060109,100.0,-0.000383495196533,-0.706398152014,0.313315575568,0.844839917963,0.667281641968,0.653475814893,-0.773893306604,100.0
1.651528,0.173339828833,-0.771592335425,-0.864014677789,0.607839886505,-0.543029198291,0.328271888232,3.06642759148,100.0,0.0011504855896,-0.715602036731,0.314082565961,0.839854480408,0.661145718823,0.653475814893,-0.77657777298,100.0
1.661708,0.176791285602,-0.771975830621,-0.862480697003,0.60285444895,-0.543029198291,0.329422373822,3.06642759148,100.0,0.00153398078613,-0.720970969482,0.314082565961,0.836786518835,0.658077757251,0.654242805286,-0.777344763373,100.0
1.671517,0.176791285602,-0.771975830621,-0.862480697003,0.60285444895,-0.543029198291,0.329422373822,3.06642759148,100.0,0.00153398078613,-0.720970969482,0.314082565961,0.836786518835,0.658077757251,0.654242805286,-0.777344763373,100.0
1.681514,0.181009732764,-0.771975830621,-0.862097201807,0.599019496985,-0.543412693488,0.328655383429,3.06642759148,100.0,0.0023009711792,-0.725572911841,0.314466061157,0.83410205246,0.654626300482,0.653475814893,-0.777344763373,100.0
1.691762,0.188679636694,-0.771592335425,-0.860179725824,0.589048621875,-0.541878712701,0.328655383429,3.06681108668,100.0,0.00383495196533,-0.735160291754,0.314849556354,0.829883605298,0.649257367731,0.653092319696,-0.776961268176,100.0
1.701499,0.188679636694,-0.771592335425,-0.860179725824,0.589048621875,-0.541878712701,0.328655383429,3.06681108668,100.0,0.00383495196533,-0.735160291754,0.314849556354,0.829883605298,0.649257367731,0.653092319696,-0.776961268176,100.0
1.711716,0.192898083856,-0.771975830621,-0.859412735431,0.584446679517,-0.543412693488,0.328271888232,3.06681108668,100.0,0.0046019423584,-0.740145729309,0.315616546747,0.826432148529,0.646189406158,0.6527088245,-0.775810782587,100.0
1.721723,0.200951482983,-0.771208840228,-0.857111764252,0.5752427948,-0.543412693488,0.328655383429,3.06566060109,100.0,0.005752427948,-0.750116604419,0.316000041943,0.820679720581,0.640820473407,0.651941834106,-0.776194277783,100.0
1.731531,0.200951482983,-0.771208840228,-0.857111764252,0.5752427948,-0.543412693488,0.328655383429,3.06566060109,100.0,0.005752427948,-0.750116604419,0.316000041943,0.820679720581,0.640820473407,0.651941834106,-0.776194277783,100.0
1.741581,0.203252454163,-0.770441849835,-0.856728269055,0.570640852441,-0.543412693488,0.328655383429,3.06681108668,100.0,0.00651941834106,-0.75548553717,0.31638353714,0.818378749402,0.639286492621,0.65155833891,-0.775043792194,100.0
1.751505,0.206320415735,-0.771208840228,-0.855194288269,0.56642240528,-0.543029198291,0.328655383429,3.06642759148,100.0,0.00728640873413,-0.759703984332,0.317534022729,0.81531078783,0.636985521442,0.65040785332,-0.775043792194,100.0
1.761495,0.2101553677,-0.770441849835,-0.854427297876,0.561820462921,-0.543029198291,0.328655383429,3.06681108668,100.0,0.0080533991272,-0.762771945905,0.317534022729,0.81300981665,0.635835035852,0.649640862927,-0.773509811407,100.0
1.771503,0.214373814862,-0.770058354639,-0.853276812286,0.555684539777,-0.543029198291,0.329038878625,3.06681108668,100.0,0.00843689432373,-0.767373888263,0.319451498712,0.809174864685,0.634301055066,0.648873872534,-0.772359325818,100.0
1.781503,0.216674786041,-0.770058354639,-0.8517428315,0.552233083008,-0.543029198291,0.328271888232,3.06681108668,100.0,0.00843689432373,-0.771208840228,0.319834993909,0.805723407916,0.633917559869,0.647723386945,-0.770441849835,100.0
1.791537,0.2212767284,-0.769674859442,-0.850592345911,0.548014635846,-0.542645703094,0.329038878625,3.06681108668,100.0,0.00843689432373,-0.775810782587,0.322135965088,0.801121465558,0.634301055066,0.646956396552,-0.768140878656,100.0
1.801516,0.223194204382,-0.768907869049,-0.849441860321,0.542645703094,-0.543029198291,0.327504897839,3.06681108668,100.0,0.00843689432373,-0.777344763373,0.324053441071,0.798053503986,0.633534064673,0.645038920569,-0.765839907477,100.0
1.811508,0.226262165955,-0.768140878656,-0.848291374731,0.538043760736,-0.543029198291,0.328271888232,3.06681108668,100.0,0.0080533991272,-0.781563210535,0.324820431464,0.793451561627,0.633917559869,0.643504939783,-0.762771945905,100.0
1.821511,0.229330127527,-0.767757383459,-0.845990403552,0.533441818378,-0.543796188684,0.328655383429,3.06642759148,100.0,0.00766990393066,-0.784631172107,0.327121402643,0.789616609662,0.633534064673,0.642354454193,-0.759703984332,100.0
1.831645,0.233165079492,-0.766990393066,-0.844839917963,0.528839876019,-0.543796188684,0.328655383429,3.06566060109,100.0,0.0069029135376,-0.788082628876,0.329422373822,0.7853981625,0.634301055066,0.639286492621,-0.752417575598,100.0
1.841569,0.236233041064,-0.76660689787,-0.843305937177,0.523470943268,-0.543412693488,0.329422373822,3.06681108668,100.0,0.00766990393066,-0.791150590448,0.330956354608,0.781563210535,0.633917559869,0.636985521442,-0.752417575598,100.0
1.851504,0.238534012244,-0.76660689787,-0.841388461194,0.518485505713,-0.542645703094,0.329038878625,3.06642759148,100.0,0.0069029135376,-0.792301076038,0.332106840198,0.775810782587,0.634301055066,0.634684550262,-0.74666514765,100.0
1.861631,0.242752459406,-0.765072917084,-0.836786518835,0.5088981258,-0.543029198291,0.328655383429,3.06681108668,100.0,0.00651941834106,-0.796519523199,0.335941792163,0.765072917084,0.633534064673,0.626631151135,-0.734776796558,100.0
1.871661,0.242752459406,-0.765072917084,-0.836786518835,0.5088981258,-0.543029198291,0.328655383429,3.06681108668,100.0,0.00651941834106,-0.796519523199,0.335941792163,0.765072917084,0.633534064673,0.626631151135,-0.734776796558,100.0
1.881585,0.24773789696,-0.764689421887,-0.833335062067,0.500461231476,-0.543029198291,0.329038878625,3.06681108668,100.0,0.005752427948,-0.799587484772,0.340160239325,0.754718546777,0.635451540656,0.616276780829,-0.721354464679,100.0
1.891697,0.24773789696,-0.764689421887,-0.833335062067,0.500461231476,-0.543029198291,0.329038878625,3.06681108668,100.0,0.005752427948,-0.799587484772,0.340160239325,0.754718546777,0.635451540656,0.616276780829,-0.721354464679,100.0
1.901582,0.250422363336,-0.762771945905,-0.828349624512,0.491257346759,-0.542645703094,0.329038878625,3.06681108668,100.0,0.00536893275146,-0.801504960754,0.344378686487,0.743597186078,0.635835035852,0.604771924933,-0.704097180835,100.0
1.911569,0.253490324908,-0.762771945905,-0.826815643726,0.487422394794,-0.543029198291,0.328271888232,3.06566060109,100.0,0.00421844716187,-0.802655446344,0.346679657666,0.73669427254,0.635451540656,0.598252506592,-0.694509800922,100.0
1.921505,0.253490324908,-0.762771945905,-0.826815643726,0.487422394794,-0.543029198291,0.328271888232,3.06566060109,100.0,0.00421844716187,-0.802655446344,0.346679657666,0.73669427254,0.635451540656,0.598252506592,-0.694509800922,100.0
1.931505,0.255791296088,-0.762004955511,-0.824514672546,0.483203947632,-0.543796188684,0.329422373822,3.06681108668,100.0,0.00306796157227,-0.803038941541,0.348597133649,0.731325339789,0.635451540656,0.591349593054,-0.683771935419,100.0
1.941502,0.258092267267,-0.761237965118,-0.821446710974,0.478602005273,-0.543796188684,0.328655383429,3.06566060109,100.0,0.0023009711792,-0.803805931934,0.350898104828,0.725572911841,0.635835035852,0.58406318432,-0.671883584326,100.0
1.951666,0.261543724036,-0.760087479529,-0.816844768616,0.471699091736,-0.543412693488,0.329038878625,3.06566060109,100.0,0.00153398078613,-0.802655446344,0.353199076007,0.712534075159,0.637369016638,0.569490366852,-0.648106882141,100.0
1.961544,0.261543724036,-0.760087479529,-0.816844768616,0.471699091736,-0.543412693488,0.329038878625,3.06566060109,100.0,0.00153398078613,-0.802655446344,0.353199076007,0.712534075159,0.637369016638,0.569490366852,-0.648106882141,100.0
1.971693,0.264995180804,-0.759320489136,-0.811859331061,0.465946663788,-0.543029198291,0.328271888232,3.06642759148,100.0,0.0023009711792,-0.802271951147,0.355883542383,0.70026222887,0.640053483014,0.552616578204,-0.620878723187,100.0
1.981509,0.264995180804,-0.759320489136,-0.811859331061,0.465946663788,-0.543029198291,0.328271888232,3.06642759148,100.0,0.0023009711792,-0.802271951147,0.355883542383,0.70026222887,0.640053483014,0.552616578204,-0.620878723187,100.0
1.991506,0.267296151984,-0.759320489136,-0.809558359882,0.461728216626,-0.543412693488,0.328655383429,3.06681108668,100.0,0.00153398078613,-0.801888455951,0.356267037579,0.694126305725,0.641970958997,0.543412693488,-0.605922410522,100.0
2.001589,0.268446637573,-0.758553498743,-0.805723407916,0.458276759857,-0.543029198291,0.328655383429,3.06681108668,100.0,0.0023009711792,-0.802271951147,0.357417523169,0.687223392188,0.641970958997,0.535742789557,-0.590199107465,100.0
2.011592,0.270747608752,-0.758936993939,-0.800354475165,0.455975788678,-0.543412693488,0.328655383429,3.06681108668,100.0,0.0023009711792,-0.800354475165,0.358184513562,0.680703973846,0.644271930176,0.526155409644,-0.574475804407,100.0
2.021507,0.271131103949,-0.758170003546,-0.800354475165,0.452524331909,-0.543412693488,0.328271888232,3.06566060109,100.0,0.0034514567688,-0.801504960754,0.359334999152,0.674951545898,0.646572901355,0.51771851532,-0.558369006152,100.0
2.031581,0.273048579932,-0.757403013153,-0.798053503986,0.448689379944,-0.543412693488,0.328271888232,3.06642759148,100.0,0.00191747598267,-0.799587484772,0.359334999152,0.668815622754,0.650024358124,0.508514630603,-0.542645703094,100.0
2.041639,0.274966055914,-0.75663602276,-0.791917580841,0.443320447192,-0.542645703094,0.327504897839,3.06681108668,100.0,0.0023009711792,-0.797670008789,0.361635970331,0.655776786072,0.656543776465,0.489723365973,-0.509281620996,100.0
2.051656,0.274966055914,-0.75663602276,-0.791917580841,0.443320447192,-0.542645703094,0.327504897839,3.06681108668,100.0,0.0023009711792,-0.797670008789,0.361635970331,0.650024358124,0.660762223627,0.481286471649,-0.493174822742,100.0
2.061509,0.2765000367,-0.756252527563,-0.789616609662,0.441019476013,-0.543029198291,0.327888393036,3.06681108668,100.0,0.0023009711792,-0.798436999182,0.36278645592,0.650024358124,0.660762223627,0.481286471649,-0.493174822742,100.0
2.071503,0.277267027094,-0.755869032367,-0.786165152893,0.438718504834,-0.542645703094,0.327121402643,3.06642759148,100.0,0.0034514567688,-0.796519523199,0.363553446313,0.643504939783,0.665364165985,0.472082586932,-0.478602005273,100.0
2.081563,0.278417512683,-0.755869032367,-0.783864181714,0.436417533655,-0.542262207898,0.32635441225,3.06681108668,100.0,0.00191747598267,-0.794985542413,0.364703931903,0.636602026245,0.66919911795,0.463645692609,-0.461344721429,100.0
2.091606,0.280718483862,-0.756252527563,-0.777728258569,0.430665105707,-0.543412693488,0.322902955481,3.06681108668,100.0,0.00191747598267,-0.791534085645,0.366621407886,0.624330179956,0.680703973846,0.446004913568,-0.429514620117,100.0
2.101604,0.281868969452,-0.75548553717,-0.77542728739,0.428747629724,-0.542645703094,0.320601984302,3.06681108668,100.0,0.00268446637573,-0.792301076038,0.368155388672,0.617810761615,0.686839896991,0.436801028851,-0.415708793042,100.0
2.111546,0.281868969452,-0.75548553717,-0.77542728739,0.428747629724,-0.542645703094,0.320601984302,3.06681108668,100.0,0.00268446637573,-0.792301076038,0.368155388672,0.617810761615,0.686839896991,0.436801028851,-0.415708793042,100.0
2.121550,0.283019455042,-0.75548553717,-0.773126316211,0.426063163348,-0.542262207898,0.317917517926,3.06642759148,100.0,0.00268446637573,-0.790383600055,0.368922379065,0.610907848077,0.692975820135,0.427213648938,-0.401902965967,100.0
2.131645,0.283019455042,-0.755102041974,-0.770058354639,0.423762192169,-0.541878712701,0.314849556354,3.06566060109,100.0,0.00191747598267,-0.788466124072,0.370456359851,0.605922410522,0.70026222887,0.418776754614,-0.389247624481,100.0
2.141514,0.284169940631,-0.754718546777,-0.767373888263,0.421844716187,-0.543029198291,0.311398099585,3.06642759148,100.0,0.0023009711792,-0.786932143286,0.371990340637,0.598252506592,0.7079321328,0.411106850684,-0.376975778192,100.0
2.151608,0.285703921417,-0.754718546777,-0.763155441101,0.417626269025,-0.542262207898,0.304111690851,3.06681108668,100.0,0.00268446637573,-0.782713696124,0.37390781662,0.585980660303,0.722504950269,0.395383547626,-0.355883542383,100.0
2.161672,0.28647091181,-0.755102041974,-0.760854469922,0.415325297845,-0.541878712701,0.299893243689,3.06642759148,100.0,0.0034514567688,-0.782330200928,0.374674807013,0.580611727551,0.729791359003,0.387713643695,-0.346296162469,100.0
2.171503,0.28647091181,-0.755102041974,-0.760854469922,0.415325297845,-0.541878712701,0.299893243689,3.06642759148,100.0,0.0034514567688,-0.782330200928,0.374674807013,0.580611727551,0.729791359003,0.387713643695,-0.346296162469,100.0
2.181617,0.287237902203,-0.755869032367,-0.758170003546,0.414174812256,-0.542645703094,0.294907806134,3.06642759148,100.0,0.00268446637573,-0.779262239355,0.375441797406,0.573708814014,0.73784475813,0.371990340637,-0.328655383429,100.0
2.191607,0.286854407007,-0.754335051581,-0.755869032367,0.411873841077,-0.542645703094,0.289922368579,3.06681108668,100.0,0.0034514567688,-0.776961268176,0.375825292603,0.566805900476,0.745898157257,0.371990340637,-0.328655383429,100.0
2.201688,0.289538873383,-0.755102041974,-0.752417575598,0.409572869897,-0.542262207898,0.27880100788,3.06642759148,100.0,0.0023009711792,-0.773893306604,0.375825292603,0.55415055899,0.762004955511,0.358568008759,-0.312548585175,100.0
2.211537,0.289538873383,-0.755102041974,-0.752417575598,0.409572869897,-0.542262207898,0.27880100788,3.06642759148,100.0,0.0023009711792,-0.773893306604,0.375825292603,0.55415055899,0.762004955511,0.358568008759,-0.312548585175,100.0
2.221564,0.291072854169,-0.755102041974,-0.749349614026,0.407655393915,-0.543029198291,0.26767964718,3.06566060109,100.0,0.00191747598267,-0.769291364246,0.376592282996,0.542262207898,0.778878744159,0.347830143256,-0.299893243689,100.0
2.231524,0.291072854169,-0.755102041974,-0.749349614026,0.407655393915,-0.543029198291,0.26767964718,3.06566060109,100.0,0.00191747598267,-0.769291364246,0.376592282996,0.542262207898,0.778878744159,0.347830143256,-0.299893243689,100.0
2.241511,0.290689358972,-0.754718546777,-0.74781563324,0.406888403522,-0.543796188684,0.261160228839,3.06642759148,100.0,0.0023009711792,-0.76660689787,0.376592282996,0.535742789557,0.787699133679,0.342461210504,-0.294524310938,100.0
2.251684,0.291072854169,-0.754335051581,-0.747432138043,0.406504908325,-0.543029198291,0.255407800891,3.06719458187,100.0,0.00268446637573,-0.763922431494,0.376208787799,0.528072885626,0.797286513593,0.337092277753,-0.289538873383,100.0
2.261768,0.292990330151,-0.754718546777,-0.745131166864,0.405354422736,-0.543796188684,0.243902944995,3.06681108668,100.0,0.00268446637573,-0.759703984332,0.376975778192,0.515034048944,0.814927292633,0.328655383429,-0.281101979059,100.0
2.271733,0.293373825348,-0.755102041974,-0.744747671667,0.404970927539,-0.542645703094,0.237000031458,3.06566060109,100.0,0.0023009711792,-0.755869032367,0.376592282996,0.5088981258,0.824514672546,0.325587421857,-0.278034017487,100.0
2.281696,0.293373825348,-0.755102041974,-0.744747671667,0.404970927539,-0.542645703094,0.237000031458,3.06566060109,100.0,0.0023009711792,-0.755869032367,0.376592282996,0.5088981258,0.824514672546,0.325587421857,-0.278034017487,100.0
2.291560,0.294907806134,-0.755102041974,-0.744364176471,0.404970927539,-0.543029198291,0.23009711792,3.06681108668,100.0,0.00306796157227,-0.752417575598,0.376208787799,0.500461231476,0.83295156687,0.322519460284,-0.274966055914,100.0
2.301624,0.295291301331,-0.75548553717,-0.744364176471,0.404970927539,-0.543029198291,0.223194204382,3.06566060109,100.0,0.00153398078613,-0.749733109222,0.376592282996,0.494325308331,0.842155451587,0.319834993909,-0.273432075128,100.0
2.311510,0.295674796527,-0.754718546777,-0.744364176471,0.404587432343,-0.542645703094,0.215140805255,3.06566060109,100.0,0.0023009711792,-0.747048642847,0.376975778192,0.48780588999,0.852126326697,0.316767032336,-0.269980618359,100.0
2.321744,0.297208777313,-0.75548553717,-0.744364176471,0.404970927539,-0.543029198291,0.20133497818,3.06681108668,100.0,0.00191747598267,-0.740912719702,0.376975778192,0.472849577325,0.869383610541,0.314082565961,-0.266529161591,100.0
2.331504,0.297208777313,-0.75548553717,-0.744364176471,0.404970927539,-0.543029198291,0.20133497818,3.06681108668,100.0,0.00191747598267,-0.740912719702,0.376975778192,0.472849577325,0.869383610541,0.314082565961,-0.266529161591,100.0
2.341507,0.297975767706,-0.755869032367,-0.743980681274,0.405737917932,-0.543029198291,0.195199055035,3.06681108668,100.0,0.00153398078613,-0.738611748523,0.376975778192,0.466330158984,0.879354485651,0.312932080371,-0.265378676001,100.0
2.351509,0.297975767706,-0.755102041974,-0.744364176471,0.405354422736,-0.542645703094,0.187145655908,3.06642759148,100.0,0.0023009711792,-0.735160291754,0.376592282996,0.45904375025,0.888558370367,0.312165089978,-0.264228190411,100.0
2.361565,0.299509748492,-0.755102041974,-0.743980681274,0.404970927539,-0.543029198291,0.171805848047,3.06681108668,100.0,0.0023009711792,-0.728640873413,0.376975778192,0.445237923175,0.908116625391,0.310631109192,-0.262310714429,100.0
2.371512,0.299509748492,-0.755102041974,-0.743980681274,0.404970927539,-0.543029198291,0.171805848047,3.06681108668,100.0,0.0023009711792,-0.728640873413,0.376975778192,0.445237923175,0.908116625391,0.310631109192,-0.262310714429,100.0
2.381701,0.300276738885,-0.75548553717,-0.744747671667,0.405737917932,-0.543796188684,0.159150506561,3.06681108668,100.0,0.0023009711792,-0.722504950269,0.376592282996,0.4314320961,0.926140899628,0.310631109192,-0.261160228839,100.0
2.391605,0.300276738885,-0.75548553717,-0.744747671667,0.405737917932,-0.543796188684,0.159150506561,3.06681108668,100.0,0.0023009711792,-0.722504950269,0.376592282996,0.4314320961,0.926140899628,0.310631109192,-0.261160228839,100.0
2.401596,0.300660234082,-0.754718546777,-0.743980681274,0.405737917932,-0.543412693488,0.151864097827,3.06566060109,100.0,0.0011504855896,-0.7190534935,0.376592282996,0.424145687366,0.934577793951,0.309864118799,-0.261927219232,100.0
2.411508,0.301427224475,-0.754718546777,-0.744364176471,0.405737917932,-0.544563179077,0.145344679486,3.06642759148,100.0,0.00191747598267,-0.715985531927,0.376975778192,0.417242773828,0.941864202686,0.309480623602,-0.261543724036,100.0
2.421572,0.301427224475,-0.755869032367,-0.744364176471,0.406121413129,-0.544946674274,0.139208756342,3.06566060109,100.0,0.000766990393066,-0.712534075159,0.376208787799,0.409956365094,0.94915061142,0.309480623602,-0.261927219232,100.0
2.431662,0.301810719672,-0.755869032367,-0.744747671667,0.405737917932,-0.544946674274,0.129237881232,3.06642759148,100.0,0.0011504855896,-0.705631161621,0.376592282996,0.394616557233,0.962189448102,0.309097128406,-0.261160228839,100.0
2.441529,0.301810719672,-0.755869032367,-0.744747671667,0.405737917932,-0.544946674274,0.129237881232,3.06642759148,100.0,0.0011504855896,-0.705631161621,0.376592282996,0.394616557233,0.962189448102,0.309097128406,-0.261160228839,100.0
2.451622,0.302577710065,-0.756252527563,-0.744364176471,0.405354422736,-0.544179683881,0.124252443677,3.06681108668,100.0,0.000383495196533,-0.703330190442,0.376592282996,0.388480634088,0.968325371246,0.309480623602,-0.261543724036,100.0
2.461515,0.302194214868,-0.755102041974,-0.744747671667,0.405737917932,-0.544563179077,0.118116520532,3.06681108668,100.0,0.000383495196533,-0.698728248083,0.375825292603,0.382344710944,0.974077799194,0.308330138013,-0.260776733643,100.0
2.471804,0.303728195654,-0.75548553717,-0.744364176471,0.404970927539,-0.54533016947,0.108529140619,3.06681108668,100.0,0.000383495196533,-0.694126305725,0.375825292603,0.369689369458,0.981747703125,0.308713633209,-0.261543724036,100.0
2.481534,0.303728195654,-0.75548553717,-0.744364176471,0.404970927539,-0.54533016947,0.108529140619,3.06681108668,100.0,0.000383495196533,-0.694126305725,0.375825292603,0.369689369458,0.981747703125,0.308713633209,-0.261543724036,100.0
2.491515,0.303728195654,-0.755869032367,-0.743980681274,0.405354422736,-0.544563179077,0.104310693457,3.06681108668,100.0,-0.000766990393066,-0.692208829742,0.376208787799,0.363169951117,0.984815664697,0.308713633209,-0.261160228839,100.0
2.501689,0.304111690851,-0.755869032367,-0.744364176471,0.405737917932,-0.544563179077,0.100475741492,3.06681108668,100.0,0.0,-0.687990382581,0.375441797406,0.357034027972,0.987500131073,0.309480623602,-0.261160228839,100.0
2.511774,0.304878681244,-0.75548553717,-0.744747671667,0.405354422736,-0.54533016947,0.0951068087402,3.06566060109,100.0,-0.000383495196533,-0.683388440222,0.375825292603,0.345529172076,0.990184597449,0.310247613995,-0.261160228839,100.0
2.521556,0.304878681244,-0.75548553717,-0.744747671667,0.405354422736,-0.54533016947,0.0951068087402,3.06566060109,100.0,-0.000383495196533,-0.683388440222,0.375825292603,0.345529172076,0.990184597449,0.310247613995,-0.261160228839,100.0
2.531576,0.30526217644,-0.75548553717,-0.744747671667,0.405354422736,-0.544946674274,0.0916553519714,3.06642759148,100.0,-0.0011504855896,-0.682237954633,0.375825292603,0.340543734521,0.990184597449,0.309097128406,-0.261543724036,100.0
2.541519,0.30526217644,-0.75663602276,-0.744747671667,0.405354422736,-0.546097159863,0.0912718567749,3.06681108668,100.0,-0.0023009711792,-0.678786497864,0.375825292603,0.335558296967,0.990184597449,0.309480623602,-0.260776733643,100.0
2.551685,0.30641266203,-0.755102041974,-0.744364176471,0.405737917932,-0.547247645453,0.087053409613,3.06642759148,100.0,-0.00268446637573,-0.673801060309,0.37390781662,0.327121402643,0.989801102252,0.309864118799,-0.261160228839,100.0
2.561510,0.30641266203,-0.755102041974,-0.744364176471,0.405737917932,-0.547247645453,0.087053409613,3.06642759148,100.0,-0.00268446637573,-0.673801060309,0.37390781662,0.327121402643,0.989801102252,0.309864118799,-0.261160228839,100.0
2.571632,0.30641266203,-0.756252527563,-0.743980681274,0.405354422736,-0.546864150256,0.0859029240234,3.06681108668,100.0,-0.00383495196533,-0.671883584326,0.37275733103,0.322902955481,0.989417607056,0.309480623602,-0.261543724036,100.0
2.581776,0.308713633209,-0.756252527563,-0.744364176471,0.405354422736,-0.547247645453,0.0859029240234,3.06566060109,100.0,-0.0046019423584,-0.668432127557,0.371223350244,0.318301013123,0.989801102252,0.30756314762,-0.261543724036,100.0
2.591503,0.308713633209,-0.756252527563,-0.744364176471,0.405354422736,-0.547247645453,0.0859029240234,3.06566060109,100.0,-0.0046019423584,-0.668432127557,0.371223350244,0.318301013123,0.989801102252,0.30756314762,-0.261543724036,100.0
2.601510,0.309097128406,-0.75663602276,-0.745514662061,0.405737917932,-0.54648065506,0.08628641922,3.06681108668,100.0,-0.00536893275146,-0.667665137164,0.368922379065,0.315616546747,0.989034111859,0.308713633209,-0.261160228839,100.0
2.611503,0.309097128406,-0.75663602276,-0.744364176471,0.404970927539,-0.54648065506,0.0859029240234,3.06642759148,100.0,-0.00613592314453,-0.666898146771,0.367004903082,0.314082565961,0.989417607056,0.308713633209,-0.261543724036,100.0
2.621631,0.311014604388,-0.757403013153,-0.745131166864,0.405354422736,-0.547247645453,0.08628641922,3.06681108668,100.0,-0.00728640873413,-0.664980670789,0.364703931903,0.312165089978,0.989801102252,0.309097128406,-0.261543724036,100.0
2.631671,0.311781594781,-0.757403013153,-0.745131166864,0.405354422736,-0.546864150256,0.087053409613,3.06642759148,100.0,-0.00843689432373,-0.664597175592,0.362019465527,0.311781594781,0.989417607056,0.309480623602,-0.260776733643,100.0
2.641554,0.311781594781,-0.757403013153,-0.745131166864,0.405354422736,-0.546864150256,0.087053409613,3.06642759148,100.0,-0.00843689432373,-0.664597175592,0.362019465527,0.311781594781,0.989417607056,0.309480623602,-0.260776733643,100.0
2.651604,0.311781594781,-0.757403013153,-0.745131166864,0.405354422736,-0.546097159863,0.0866699144165,3.06566060109,100.0,-0.0080533991272,-0.664597175592,0.360101989545,0.312165089978,0.989034111859,0.310247613995,-0.261543724036,100.0
2.661659,0.312932080371,-0.757403013153,-0.745131166864,0.405354422736,-0.54648065506,0.0866699144165,3.06566060109,100.0,-0.0111213606995,-0.663446690002,0.356267037579,0.312932080371,0.990184597449,0.309864118799,-0.261927219232,100.0
2.671505,0.312932080371,-0.757403013153,-0.745131166864,0.405354422736,-0.54648065506,0.0866699144165,3.06566060109,100.0,-0.0111213606995,-0.663446690002,0.356267037579,0.312932080371,0.990184597449,0.309864118799,-0.261927219232,100.0
2.681502,0.313699070764,-0.757403013153,-0.744747671667,0.404970927539,-0.546864150256,0.0874369048096,3.06566060109,100.0,-0.0122718462891,-0.663446690002,0.353582571204,0.313699070764,0.989801102252,0.310631109192,-0.260393238446,100.0
2.691500,0.314082565961,-0.757019517957,-0.744747671667,0.405354422736,-0.546864150256,0.0859029240234,3.06681108668,100.0,-0.011504855896,-0.663830185199,0.352048590417,0.31523305155,0.990184597449,0.311398099585,-0.261543724036,100.0
2.701503,0.314849556354,-0.757019517957,-0.745514662061,0.404970927539,-0.546097159863,0.0866699144165,3.06681108668,100.0,-0.0134223318787,-0.663063194806,0.349747619238,0.315616546747,0.989034111859,0.311781594781,-0.261160228839,100.0
2.711502,0.31523305155,-0.75778650835,-0.745131166864,0.404587432343,-0.546097159863,0.087053409613,3.06642759148,100.0,-0.0138058270752,-0.663446690002,0.346679657666,0.317150527533,0.988650616663,0.312165089978,-0.261160228839,100.0
2.721518,0.314849556354,-0.75663602276,-0.744747671667,0.404970927539,-0.546097159863,0.0874369048096,3.06642759148,100.0,-0.0134223318787,-0.661912709216,0.345529172076,0.317534022729,0.988650616663,0.311398099585,-0.261160228839,100.0
2.731650,0.316000041943,-0.75778650835,-0.745131166864,0.404587432343,-0.546097159863,0.0874369048096,3.06681108668,100.0,-0.0141893222717,-0.662296204413,0.342461210504,0.318684508319,0.989034111859,0.312165089978,-0.261543724036,100.0
2.741593,0.316767032336,-0.758170003546,-0.745514662061,0.404587432343,-0.54648065506,0.0866699144165,3.06642759148,100.0,-0.0145728174683,-0.662679699609,0.339776744128,0.318684508319,0.989417607056,0.312548585175,-0.261160228839,100.0
2.751770,0.316767032336,-0.75778650835,-0.745514662061,0.405354422736,-0.546097159863,0.0866699144165,3.06681108668,100.0,-0.0145728174683,-0.662679699609,0.334791306573,0.320218489105,0.989417607056,0.312932080371,-0.261160228839,100.0
2.761717,0.316767032336,-0.75778650835,-0.745514662061,0.405354422736,-0.546097159863,0.0866699144165,3.06681108668,100.0,-0.0145728174683,-0.662679699609,0.332490335394,0.320985479498,0.989801102252,0.312165089978,-0.261543724036,100.0
2.771503,0.317917517926,-0.757019517957,-0.744747671667,0.404587432343,-0.547247645453,0.08628641922,3.06642759148,100.0,-0.0149563126648,-0.662679699609,0.332490335394,0.320985479498,0.989801102252,0.312165089978,-0.261543724036,100.0
2.781507,0.317150527533,-0.757019517957,-0.745131166864,0.404587432343,-0.547631140649,0.087053409613,3.06566060109,100.0,-0.0145728174683,-0.66152921402,0.330189364215,0.321368974695,0.989034111859,0.312165089978,-0.261160228839,100.0
2.791508,0.318684508319,-0.75778650835,-0.744747671667,0.404587432343,-0.54648065506,0.08628641922,3.06642759148,100.0,-0.0141893222717,-0.663830185199,0.327504897839,0.322135965088,0.989417607056,0.312548585175,-0.261160228839,100.0
2.801512,0.318684508319,-0.75778650835,-0.745514662061,0.404970927539,-0.54648065506,0.08628641922,3.06566060109,100.0,-0.0141893222717,-0.662296204413,0.324820431464,0.322902955481,0.989034111859,0.312548585175,-0.261927219232,100.0
2.811516,0.318301013123,-0.757019517957,-0.745131166864,0.405354422736,-0.546864150256,0.08628641922,3.06681108668,100.0,-0.0138058270752,-0.663063194806,0.321368974695,0.322902955481,0.989417607056,0.312548585175,-0.261160228839,100.0
2.821720,0.319068003516,-0.757019517957,-0.744747671667,0.405354422736,-0.547247645453,0.087053409613,3.06566060109,100.0,-0.0141893222717,-0.662296204413,0.318301013123,0.324053441071,0.989034111859,0.312932080371,-0.261160228839,100.0
2.831507,0.319451498712,-0.756252527563,-0.745514662061,0.404970927539,-0.546097159863,0.0874369048096,3.06681108668,100.0,-0.0134223318787,-0.663063194806,0.315616546747,0.324436936267,0.989034111859,0.312165089978,-0.261160228839,100.0
2.841753,0.319068003516,-0.75778650835,-0.745514662061,0.404970927539,-0.546864150256,0.08628641922,3.06681108668,100.0,-0.0134223318787,-0.663063194806,0.310247613995,0.324820431464,0.989417607056,0.311781594781,-0.261543724036,100.0
2.851503,0.319068003516,-0.75778650835,-0.745514662061,0.404970927539,-0.546864150256,0.08628641922,3.06681108668,100.0,-0.0134223318787,-0.663063194806,0.310247613995,0.324820431464,0.989417607056,0.311781594781,-0.261543724036,100.0
2.861745,0.319451498712,-0.757019517957,-0.745131166864,0.404970927539,-0.546864150256,0.087053409613,3.06566060109,100.0,-0.0122718462891,-0.664213680396,0.307946642816,0.324436936267,0.989034111859,0.311398099585,-0.261160228839,100.0
2.871508,0.319451498712,-0.75663602276,-0.745131166864,0.405737917932,-0.546864150256,0.0866699144165,3.06642759148,100.0,-0.0122718462891,-0.663830185199,0.305645671637,0.324820431464,0.989801102252,0.311781594781,-0.261160228839,100.0
2.881507,0.319834993909,-0.756252527563,-0.745131166864,0.405354422736,-0.545713664667,0.0874369048096,3.06566060109,100.0,-0.0122718462891,-0.662679699609,0.302577710065,0.324820431464,0.989034111859,0.310247613995,-0.261543724036,100.0
2.891544,0.320218489105,-0.75663602276,-0.745131166864,0.405354422736,-0.547631140649,0.087053409613,3.06642759148,100.0,-0.0122718462891,-0.663063194806,0.301043729279,0.324436936267,0.989034111859,0.311014604388,-0.260776733643,100.0
2.901620,0.319834993909,-0.757019517957,-0.745131166864,0.404970927539,-0.547247645453,0.087053409613,3.06566060109,100.0,-0.0122718462891,-0.663063194806,0.298742758099,0.324820431464,0.989034111859,0.310631109192,-0.261927219232,100.0
2.911511,0.319451498712,-0.75778650835,-0.744747671667,0.404587432343,-0.546864150256,0.0866699144165,3.06566060109,100.0,-0.0122718462891,-0.662679699609,0.29644178692,0.324820431464,0.988650616663,0.309480623602,-0.261160228839,100.0
2.921520,0.320218489105,-0.757403013153,-0.744747671667,0.404587432343,-0.54648065506,0.087053409613,3.06681108668,100.0,-0.0111213606995,-0.663446690002,0.294140815741,0.323669945874,0.988267121466,0.309480623602,-0.261543724036,100.0
2.931517,0.319834993909,-0.757019517957,-0.744747671667,0.405737917932,-0.546097159863,0.0874369048096,3.06566060109,100.0,-0.0118883510925,-0.662679699609,0.290305863776,0.324820431464,0.989034111859,0.309864118799,-0.261160228839,100.0
2.941578,0.319834993909,-0.75663602276,-0.744364176471,0.405354422736,-0.546097159863,0.0866699144165,3.06566060109,100.0,-0.0111213606995,-0.662296204413,0.288004892596,0.324820431464,0.988650616663,0.309864118799,-0.261927219232,100.0
2.951638,0.319451498712,-0.757403013153,-0.743980681274,0.404587432343,-0.547247645453,0.087053409613,3.06642759148,100.0,-0.011504855896,-0.662679699609,0.284936931024,0.324436936267,0.988650616663,0.309864118799,-0.261543724036,100.0
2.961513,0.319451498712,-0.757403013153,-0.743980681274,0.404587432343,-0.547247645453,0.087053409613,3.06642759148,100.0,-0.011504855896,-0.662679699609,0.284936931024,0.324436936267,0.988650616663,0.309864118799,-0.261543724036,100.0
2.971657,0.319451498712,-0.75663602276,-0.745131166864,0.405354422736,-0.546864150256,0.0866699144165,3.06642759148,100.0,-0.011504855896,-0.663446690002,0.283786445435,0.324436936267,0.989034111859,0.310247613995,-0.261160228839,100.0
2.981518,0.319068003516,-0.75663602276,-0.745131166864,0.404587432343,-0.547247645453,0.0874369048096,3.06642759148,100.0,-0.0122718462891,-0.662296204413,0.281868969452,0.324436936267,0.989034111859,0.310247613995,-0.261543724036,100.0
2.991649,0.318301013123,-0.757019517957,-0.745131166864,0.405354422736,-0.54648065506,0.0874369048096,3.06642759148,100.0,-0.0103543703064,-0.662296204413,0.278034017487,0.324820431464,0.989034111859,0.311014604388,-0.260776733643,100.0
3.001653,0.318301013123,-0.757019517957,-0.744747671667,0.404970927539,-0.546864150256,0.0866699144165,3.06681108668,100.0,-0.0111213606995,-0.662296204413,0.2765000367,0.32520392666,0.989034111859,0.310631109192,-0.261160228839,100.0
3.011664,0.319068003516,-0.757019517957,-0.744747671667,0.404970927539,-0.546864150256,0.0866699144165,3.06681108668,100.0,-0.0111213606995,-0.662296204413,0.2765000367,0.32520392666,0.989034111859,0.310631109192,-0.261160228839,100.0
3.021529,0.319068003516,-0.756252527563,-0.745514662061,0.404587432343,-0.54648065506,0.0874369048096,3.06681108668,100.0,-0.0118883510925,-0.663063194806,0.274966055914,0.324436936267,0.989034111859,0.310631109192,-0.261160228839,100.0
3.031765,0.318684508319,-0.757019517957,-0.744747671667,0.404970927539,-0.546097159863,0.0866699144165,3.06642759148,100.0,-0.0103543703064,-0.662679699609,0.272281589539,0.324436936267,0.988650616663,0.309864118799,-0.260776733643,100.0
3.041609,0.318684508319,-0.757019517957,-0.744747671667,0.404970927539,-0.546097159863,0.0866699144165,3.06642759148,100.0,-0.0103543703064,-0.662679699609,0.272281589539,0.324436936267,0.988650616663,0.309864118799,-0.260776733643,100.0
3.051511,0.319068003516,-0.757019517957,-0.744747671667,0.404970927539,-0.546864150256,0.0866699144165,3.06681108668,100.0,-0.0107378655029,-0.663446690002,0.271131103949,0.324436936267,0.988267121466,0.310247613995,-0.261543724036,100.0
3.061751,0.318684508319,-0.755869032367,-0.744747671667,0.405354422736,-0.546864150256,0.0874369048096,3.06642759148,100.0,-0.0103543703064,-0.663830185199,0.269597123163,0.324053441071,0.989417607056,0.309864118799,-0.261160228839,100.0
3.071732,0.318684508319,-0.756252527563,-0.745131166864,0.405737917932,-0.547631140649,0.0882038952026,3.06642759148,100.0,-0.0111213606995,-0.662296204413,0.268063142377,0.324053441071,0.989034111859,0.309480623602,-0.261927219232,100.0
3.081498,0.318684508319,-0.756252527563,-0.745131166864,0.405737917932,-0.547631140649,0.0882038952026,3.06642759148,100.0,-0.0111213606995,-0.662296204413,0.268063142377,0.324053441071,0.989034111859,0.309480623602,-0.261927219232,100.0
3.091512,0.317534022729,-0.756252527563,-0.745514662061,0.405737917932,-0.547247645453,0.087053409613,3.06566060109,100.0,-0.011504855896,-0.663063194806,0.266529161591,0.324053441071,0.989417607056,0.308713633209,-0.261543724036,100.0
3.101530,0.318301013123,-0.757019517957,-0.745514662061,0.405354422736,-0.546864150256,0.087053409613,3.06566060109,100.0,-0.0111213606995,-0.663063194806,0.266145666394,0.324053441071,0.988650616663,0.309097128406,-0.261927219232,100.0
3.111773,0.317917517926,-0.756252527563,-0.745131166864,0.405354422736,-0.547247645453,0.0874369048096,3.06642759148,100.0,-0.0111213606995,-0.662679699609,0.266145666394,0.324053441071,0.989034111859,0.309097128406,-0.261927219232,100.0
3.121500,0.317917517926,-0.756252527563,-0.745131166864,0.405354422736,-0.547247645453,0.0874369048096,3.06642759148,100.0,-0.0111213606995,-0.662679699609,0.266145666394,0.324053441071,0.989034111859,0.309097128406,-0.261927219232,100.0
3.131534,0.317917517926,-0.756252527563,-0.745514662061,0.405354422736,-0.548014635846,0.0874369048096,3.06566060109,100.0,-0.0118883510925,-0.663830185199,0.266529161591,0.323669945874,0.989034111859,0.307946642816,-0.261927219232,100.0
3.141502,0.318301013123,-0.756252527563,-0.745131166864,0.405354422736,-0.547247645453,0.087053409613,3.06681108668,100.0,-0.0118883510925,-0.663446690002,0.265762171198,0.324053441071,0.989417607056,0.30756314762,-0.261160228839,100.0
3.151692,0.317534022729,-0.75663602276,-0.745514662061,0.405737917932,-0.547247645453,0.0874369048096,3.06681108668,100.0,-0.0118883510925,-0.663830185199,0.265762171198,0.323286450677,0.989034111859,0.308330138013,-0.261927219232,100.0
3.161569,0.317150527533,-0.755869032367,-0.745514662061,0.405354422736,-0.547247645453,0.08628641922,3.06566060109,100.0,-0.0118883510925,-0.663830185199,0.265378676001,0.323286450677,0.989034111859,0.308330138013,-0.261927219232,100.0
3.171503,0.317150527533,-0.755869032367,-0.745514662061,0.405354422736,-0.547247645453,0.08628641922,3.06566060109,100.0,-0.0122718462891,-0.664597175592,0.265378676001,0.324053441071,0.988267121466,0.307946642816,-0.262310714429,100.0
3.181567,0.317150527533,-0.755869032367,-0.745131166864,0.405354422736,-0.547631140649,0.0874369048096,3.06681108668,100.0,-0.0126553414856,-0.663063194806,0.266145666394,0.324436936267,0.988650616663,0.30756314762,-0.262310714429,100.0
3.191506,0.317150527533,-0.755869032367,-0.745131166864,0.404587432343,-0.547631140649,0.0878204000061,3.06642759148,100.0,-0.0126553414856,-0.662679699609,0.265762171198,0.324820431464,0.988650616663,0.30756314762,-0.261543724036,100.0
3.201506,0.317150527533,-0.75663602276,-0.745131166864,0.405737917932,-0.546864150256,0.0874369048096,3.06681108668,100.0,-0.011504855896,-0.663446690002,0.265378676001,0.324053441071,0.989034111859,0.30756314762,-0.261543724036,100.0
3.211523,0.316767032336,-0.756252527563,-0.745898157257,0.405737917932,-0.547631140649,0.0874369048096,3.06566060109,100.0,-0.0126553414856,-0.663830185199,0.264611685608,0.324436936267,0.989034111859,0.307179652423,-0.262310714429,100.0
3.221725,0.316767032336,-0.756252527563,-0.745514662061,0.405354422736,-0.547247645453,0.0874369048096,3.06642759148,100.0,-0.0122718462891,-0.662679699609,0.265378676001,0.324436936267,0.989034111859,0.306796157227,-0.261927219232,100.0
3.231567,0.316767032336,-0.756252527563,-0.745514662061,0.405354422736,-0.547247645453,0.0874369048096,3.06642759148,100.0,-0.0122718462891,-0.662679699609,0.265378676001,0.324436936267,0.989034111859,0.306796157227,-0.261927219232,100.0
3.241507,0.316767032336,-0.75663602276,-0.745514662061,0.405737917932,-0.547631140649,0.0874369048096,3.06566060109,100.0,-0.0130388366821,-0.663830185199,0.265378676001,0.323669945874,0.988650616663,0.306796157227,-0.261927219232,100.0
3.251623,0.316000041943,-0.756252527563,-0.745514662061,0.405737917932,-0.547631140649,0.0874369048096,3.06681108668,100.0,-0.0138058270752,-0.663446690002,0.265378676001,0.324053441071,0.989034111859,0.307179652423,-0.262310714429,100.0
3.261529,0.316000041943,-0.756252527563,-0.745514662061,0.405737917932,-0.547631140649,0.0874369048096,3.06681108668,100.0,-0.0138058270752,-0.663446690002,0.265378676001,0.324053441071,0.989034111859,0.307179652423,-0.262310714429,100.0
3.271530,0.31638353714,-0.755869032367,-0.745514662061,0.405354422736,-0.547247645453,0.0878204000061,3.06566060109,100.0,-0.0126553414856,-0.663063194806,0.264995180804,0.323669945874,0.989034111859,0.30641266203,-0.262694209625,100.0
3.281898,0.316000041943,-0.755869032367,-0.745131166864,0.406504908325,-0.547631140649,0.0878204000061,3.06642759148,100.0,-0.0138058270752,-0.663063194806,0.265378676001,0.323669945874,0.988650616663,0.30641266203,-0.261927219232,100.0
3.291902,0.316000041943,-0.755869032367,-0.745131166864,0.406504908325,-0.547631140649,0.087053409613,3.06566060109,100.0,-0.0134223318787,-0.663830185199,0.265378676001,0.323669945874,0.989034111859,0.306796157227,-0.261927219232,100.0
3.301700,0.315616546747,-0.756252527563,-0.745898157257,0.406121413129,-0.547247645453,0.087053409613,3.06566060109,100.0,-0.0130388366821,-0.663446690002,0.264995180804,0.324053441071,0.988267121466,0.306796157227,-0.261927219232,100.0
3.311545,0.315616546747,-0.756252527563,-0.745898157257,0.406121413129,-0.547247645453,0.087053409613,3.06566060109,100.0,-0.0130388366821,-0.663446690002,0.264995180804,0.324053441071,0.988267121466,0.306796157227,-0.261927219232,100.0
3.321528,0.316000041943,-0.757019517957,-0.745514662061,0.406504908325,-0.547247645453,0.087053409613,3.06566060109,100.0,-0.0138058270752,-0.663830185199,0.264611685608,0.323286450677,0.989034111859,0.307179652423,-0.261543724036,100.0
3.331771,0.315616546747,-0.75663602276,-0.745131166864,0.406504908325,-0.547247645453,0.0874369048096,3.06642759148,100.0,-0.0138058270752,-0.664213680396,0.265762171198,0.324436936267,0.989034111859,0.307946642816,-0.262694209625,100.0
3.341549,0.315616546747,-0.75663602276,-0.745131166864,0.406504908325,-0.547247645453,0.0874369048096,3.06642759148,100.0,-0.0138058270752,-0.664213680396,0.265762171198,0.324436936267,0.989034111859,0.307946642816,-0.262694209625,100.0
3.351532,0.314849556354,-0.755869032367,-0.745514662061,0.406888403522,-0.547247645453,0.0874369048096,3.06681108668,100.0,-0.0141893222717,-0.663446690002,0.264611685608,0.323669945874,0.988650616663,0.306796157227,-0.262694209625,100.0
3.361547,0.314849556354,-0.755869032367,-0.745514662061,0.406504908325,-0.546864150256,0.0882038952026,3.06681108668,100.0,-0.0141893222717,-0.663063194806,0.265762171198,0.323286450677,0.98788362627,0.306029166833,-0.262310714429,100.0
3.371651,0.313699070764,-0.75663602276,-0.744747671667,0.406504908325,-0.546864150256,0.0866699144165,3.06527710589,100.0,-0.0138058270752,-0.664980670789,0.264995180804,0.323669945874,0.988650616663,0.306029166833,-0.262310714429,100.0
3.381766,0.314849556354,-0.756252527563,-0.745131166864,0.406121413129,-0.547247645453,0.0874369048096,3.06681108668,100.0,-0.0141893222717,-0.664213680396,0.265378676001,0.323669945874,0.988650616663,0.30756314762,-0.262694209625,100.0
3.391855,0.314082565961,-0.75663602276,-0.745514662061,0.405737917932,-0.547247645453,0.087053409613,3.06642759148,100.0,-0.0138058270752,-0.664980670789,0.265378676001,0.323286450677,0.98788362627,0.307179652423,-0.262694209625,100.0
3.401522,0.314082565961,-0.75663602276,-0.745514662061,0.405737917932,-0.547247645453,0.087053409613,3.06642759148,100.0,-0.0138058270752,-0.664980670789,0.265378676001,0.323286450677,0.98788362627,0.307179652423,-0.262694209625,100.0
3.411525,0.313699070764,-0.756252527563,-0.744747671667,0.406504908325,-0.547247645453,0.087053409613,3.06566060109,100.0,-0.0149563126648,-0.663446690002,0.265378676001,0.323669945874,0.988267121466,0.30756314762,-0.262310714429,100.0
3.421660,0.313699070764,-0.755869032367,-0.745898157257,0.406504908325,-0.54648065506,0.0878204000061,3.06527710589,100.0,-0.0141893222717,-0.663446690002,0.265378676001,0.323669945874,0.988267121466,0.307179652423,-0.261927219232,100.0
3.431657,0.313699070764,-0.756252527563,-0.744747671667,0.406504908325,-0.548014635846,0.0874369048096,3.06566060109,100.0,-0.0138058270752,-0.664213680396,0.265762171198,0.323286450677,0.988650616663,0.307179652423,-0.262310714429,100.0
3.441529,0.313699070764,-0.756252527563,-0.744747671667,0.406504908325,-0.548014635846,0.0874369048096,3.06566060109,100.0,-0.0138058270752,-0.664213680396,0.265762171198,0.323286450677,0.988650616663,0.307179652423,-0.262310714429,100.0
3.451562,0.313699070764,-0.756252527563,-0.745514662061,0.406888403522,-0.547247645453,0.0874369048096,3.06642759148,100.0,-0.0141893222717,-0.664597175592,0.264995180804,0.323669945874,0.988267121466,0.306796157227,-0.262310714429,100.0
3.461524,0.314849556354,-0.75548553717,-0.745514662061,0.406504908325,-0.546864150256,0.0878204000061,3.06642759148,100.0,-0.0149563126648,-0.664980670789,0.265762171198,0.323669945874,0.988650616663,0.307179652423,-0.262310714429,100.0
3.471550,0.312932080371,-0.755869032367,-0.745514662061,0.406888403522,-0.547247645453,0.0882038952026,3.06642759148,100.0,-0.0145728174683,-0.663830185199,0.265378676001,0.324053441071,0.988267121466,0.306796157227,-0.263077704822,100.0
3.481508,0.312932080371,-0.756252527563,-0.745514662061,0.406504908325,-0.547631140649,0.0874369048096,3.06681108668,100.0,-0.0149563126648,-0.664597175592,0.265378676001,0.323669945874,0.988267121466,0.30756314762,-0.262694209625,100.0
3.491693,0.313315575568,-0.757019517957,-0.744747671667,0.406121413129,-0.547247645453,0.0866699144165,3.06566060109,100.0,-0.0145728174683,-0.665364165985,0.265762171198,0.324053441071,0.988267121466,0.30756314762,-0.262694209625,100.0
3.501540,0.313315575568,-0.755869032367,-0.745514662061,0.406504908325,-0.546864150256,0.0878204000061,3.06681108668,100.0,-0.0141893222717,-0.664597175592,0.265378676001,0.323286450677,0.988267121466,0.306796157227,-0.262694209625,100.0
3.511817,0.313315575568,-0.755869032367,-0.745131166864,0.406888403522,-0.54648065506,0.0874369048096,3.06642759148,100.0,-0.0141893222717,-0.664213680396,0.265378676001,0.324436936267,0.988267121466,0.307179652423,-0.262694209625,100.0
3.521748,0.313315575568,-0.75548553717,-0.745131166864,0.407271898718,-0.547631140649,0.0874369048096,3.06566060109,100.0,-0.0145728174683,-0.664597175592,0.265762171198,0.324053441071,0.988650616663,0.307179652423,-0.262310714429,100.0
3.531541,0.313315575568,-0.75548553717,-0.745131166864,0.407271898718,-0.547631140649,0.0874369048096,3.06566060109,100.0,-0.0145728174683,-0.664597175592,0.265762171198,0.324053441071,0.988650616663,0.307179652423,-0.262310714429,100.0
3.541717,0.311781594781,-0.755869032367,-0.745131166864,0.406888403522,-0.547631140649,0.0874369048096,3.06566060109,100.0,-0.0138058270752,-0.664213680396,0.264995180804,0.322902955481,0.98788362627,0.30641266203,-0.261927219232,100.0
3.551523,0.311781594781,-0.755869032367,-0.745131166864,0.406888403522,-0.547631140649,0.0874369048096,3.06566060109,100.0,-0.0138058270752,-0.664213680396,0.264995180804,0.322902955481,0.98788362627,0.30641266203,-0.261927219232,100.0
3.561508,0.313315575568,-0.75548553717,-0.744747671667,0.406504908325,-0.547247645453,0.0882038952026,3.06642759148,100.0,-0.0145728174683,-0.664597175592,0.264995180804,0.324436936267,0.988650616663,0.30756314762,-0.262694209625,100.0
3.571513,0.312932080371,-0.75548553717,-0.744747671667,0.406504908325,-0.546864150256,0.0878204000061,3.06642759148,100.0,-0.0141893222717,-0.664597175592,0.264995180804,0.324436936267,0.988267121466,0.307946642816,-0.261927219232,100.0
3.581511,0.312165089978,-0.755869032367,-0.744747671667,0.407271898718,-0.547247645453,0.087053409613,3.06566060109,100.0,-0.0141893222717,-0.664213680396,0.265378676001,0.324436936267,0.98788362627,0.308330138013,-0.262694209625,100.0
3.591519,0.312165089978,-0.75548553717,-0.745514662061,0.407271898718,-0.547631140649,0.0878204000061,3.06566060109,100.0,-0.0141893222717,-0.664597175592,0.264995180804,0.324053441071,0.98788362627,0.307946642816,-0.263077704822,100.0
3.601674,0.312548585175,-0.75548553717,-0.745514662061,0.407271898718,-0.547631140649,0.0874369048096,3.06642759148,100.0,-0.0138058270752,-0.663446690002,0.265378676001,0.323669945874,0.98788362627,0.307946642816,-0.262694209625,100.0
3.611547,0.312165089978,-0.75548553717,-0.745131166864,0.407271898718,-0.547631140649,0.0874369048096,3.06566060109,100.0,-0.0141893222717,-0.663446690002,0.265378676001,0.323669945874,0.98788362627,0.308330138013,-0.262310714429,100.0
3.621750,0.312165089978,-0.75548553717,-0.745131166864,0.407271898718,-0.547631140649,0.0874369048096,3.06566060109,100.0,-0.0141893222717,-0.663446690002,0.265378676001,0.323669945874,0.98788362627,0.308330138013,-0.262310714429,100.0
3.631776,0.312165089978,-0.755869032367,-0.745898157257,0.407655393915,-0.547247645453,0.0874369048096,3.06642759148,100.0,-0.0141893222717,-0.663446690002,0.264995180804,0.323669945874,0.98788362627,0.308330138013,-0.262694209625,100.0
3.641528,0.311781594781,-0.755869032367,-0.745514662061,0.408038889111,-0.548014635846,0.087053409613,3.06566060109,100.0,-0.0141893222717,-0.664597175592,0.264995180804,0.323669945874,0.98788362627,0.308330138013,-0.262694209625,100.0
3.651524,0.312165089978,-0.756252527563,-0.744364176471,0.407655393915,-0.547247645453,0.0878204000061,3.06642759148,100.0,-0.0138058270752,-0.665364165985,0.264995180804,0.323669945874,0.988267121466,0.307179652423,-0.261927219232,100.0
3.661678,0.311781594781,-0.755869032367,-0.745514662061,0.408422384308,-0.546864150256,0.0874369048096,3.06642759148,100.0,-0.0138058270752,-0.663830185199,0.264995180804,0.324436936267,0.98788362627,0.30756314762,-0.263461200018,100.0
3.671612,0.311781594781,-0.755869032367,-0.745514662061,0.408422384308,-0.546864150256,0.0874369048096,3.06642759148,100.0,-0.0138058270752,-0.663830185199,0.264995180804,0.324436936267,0.98788362627,0.30756314762,-0.263461200018,100.0
3.681532,0.312165089978,-0.755869032367,-0.745514662061,0.408805879504,-0.547247645453,0.087053409613,3.06566060109,100.0,-0.0141893222717,-0.664213680396,0.265762171198,0.324053441071,0.988267121466,0.307179652423,-0.262694209625,100.0
3.691528,0.311398099585,-0.755869032367,-0.745514662061,0.408805879504,-0.546864150256,0.0866699144165,3.06566060109,100.0,-0.0138058270752,-0.664980670789,0.265378676001,0.324053441071,0.98788362627,0.308330138013,-0.263077704822,100.0
3.701701,0.311398099585,-0.75548553717,-0.745514662061,0.408805879504,-0.54648065506,0.0874369048096,3.06566060109,100.0,-0.0134223318787,-0.664213680396,0.264995180804,0.323669945874,0.988267121466,0.308330138013,-0.263077704822,100.0
3.711729,0.311398099585,-0.756252527563,-0.745514662061,0.409189374701,-0.547631140649,0.0878204000061,3.06681108668,100.0,-0.0149563126648,-0.664597175592,0.264995180804,0.324053441071,0.987500131073,0.307946642816,-0.263077704822,100.0
3.721540,0.311398099585,-0.756252527563,-0.745514662061,0.409189374701,-0.547631140649,0.0878204000061,3.06681108668,100.0,-0.0149563126648,-0.664597175592,0.264995180804,0.324053441071,0.987500131073,0.307946642816,-0.263077704822,100.0
3.731892,0.311398099585,-0.75548553717,-0.744747671667,0.409572869897,-0.547631140649,0.0885873903992,3.06681108668,100.0,-0.0145728174683,-0.664213680396,0.265378676001,0.324053441071,0.988267121466,0.307179652423,-0.263461200018,100.0
3.741523,0.311398099585,-0.75548553717,-0.744747671667,0.409956365094,-0.547631140649,0.0874369048096,3.06642759148,100.0,-0.0138058270752,-0.664213680396,0.264995180804,0.324053441071,0.988267121466,0.307179652423,-0.263461200018,100.0
3.751529,0.311014604388,-0.755102041974,-0.744747671667,0.409572869897,-0.546864150256,0.0878204000061,3.06681108668,100.0,-0.0138058270752,-0.664213680396,0.265762171198,0.324436936267,0.987500131073,0.307179652423,-0.263077704822,100.0
3.762055,0.311014604388,-0.755869032367,-0.744747671667,0.409956365094,-0.546864150256,0.0882038952026,3.06566060109,100.0,-0.0141893222717,-0.665364165985,0.264995180804,0.324053441071,0.988267121466,0.307179652423,-0.263461200018,100.0
3.771522,0.311014604388,-0.755869032367,-0.744747671667,0.409956365094,-0.546864150256,0.0882038952026,3.06566060109,100.0,-0.0141893222717,-0.665364165985,0.264995180804,0.324053441071,0.988267121466,0.307179652423,-0.263461200018,100.0
3.781517,0.310247613995,-0.755869032367,-0.744747671667,0.409956365094,-0.548014635846,0.0874369048096,3.06566060109,100.0,-0.0138058270752,-0.664980670789,0.264611685608,0.323669945874,0.988267121466,0.307179652423,-0.263077704822,100.0
3.791558,0.310631109192,-0.754718546777,-0.744747671667,0.409572869897,-0.546864150256,0.0874369048096,3.06642759148,100.0,-0.0141893222717,-0.664980670789,0.264995180804,0.324053441071,0.98788362627,0.307179652423,-0.263461200018,100.0
3.801865,0.310631109192,-0.755102041974,-0.745131166864,0.409956365094,-0.546864150256,0.087053409613,3.06642759148,100.0,-0.0134223318787,-0.664980670789,0.264995180804,0.324053441071,0.988267121466,0.308330138013,-0.263461200018,100.0
3.811924,0.310247613995,-0.754718546777,-0.744747671667,0.410339860291,-0.546864150256,0.0878204000061,3.06566060109,100.0,-0.0141893222717,-0.665747661182,0.264611685608,0.323286450677,0.987500131073,0.30756314762,-0.263077704822,100.0
3.821841,0.310247613995,-0.754718546777,-0.744747671667,0.410339860291,-0.546864150256,0.0878204000061,3.06566060109,100.0,-0.0141893222717,-0.665747661182,0.264611685608,0.323286450677,0.987500131073,0.30756314762,-0.263077704822,100.0
3.831649,0.310631109192,-0.754718546777,-0.744747671667,0.410339860291,-0.54648065506,0.0866699144165,3.06681108668,100.0,-0.0138058270752,-0.665747661182,0.264995180804,0.324053441071,0.98788362627,0.307179652423,-0.262310714429,100.0
3.841524,0.309480623602,-0.754718546777,-0.744747671667,0.409956365094,-0.54648065506,0.087053409613,3.06681108668,100.0,-0.0138058270752,-0.664597175592,0.265762171198,0.324053441071,0.988267121466,0.30756314762,-0.263077704822,100.0
3.851522,0.309864118799,-0.754718546777,-0.744747671667,0.409956365094,-0.546864150256,0.0882038952026,3.06642759148,100.0,-0.0138058270752,-0.664980670789,0.264995180804,0.324053441071,0.98788362627,0.30756314762,-0.263461200018,100.0
3.861870,0.308713633209,-0.75548553717,-0.745131166864,0.410339860291,-0.547247645453,0.0878204000061,3.06642759148,100.0,-0.0141893222717,-0.664597175592,0.265378676001,0.323669945874,0.98788362627,0.307179652423,-0.262694209625,100.0
3.871613,0.308713633209,-0.75548553717,-0.745131166864,0.410339860291,-0.547247645453,0.0878204000061,3.06642759148,100.0,-0.0141893222717,-0.664597175592,0.265378676001,0.323669945874,0.987500131073,0.30756314762,-0.262694209625,100.0
3.881536,0.309097128406,-0.755102041974,-0.745131166864,0.409956365094,-0.547247645453,0.087053409613,3.06642759148,100.0,-0.0145728174683,-0.665364165985,0.265378676001,0.323669945874,0.987500131073,0.30756314762,-0.262694209625,100.0
3.891525,0.308713633209,-0.754335051581,-0.744747671667,0.409956365094,-0.547247645453,0.0874369048096,3.06566060109,100.0,-0.0138058270752,-0.665364165985,0.265762171198,0.323669945874,0.98788362627,0.30756314762,-0.262694209625,100.0
3.901538,0.307946642816,-0.755102041974,-0.745131166864,0.410339860291,-0.546864150256,0.0874369048096,3.06566060109,100.0,-0.0138058270752,-0.665747661182,0.264995180804,0.323669945874,0.987500131073,0.307946642816,-0.263077704822,100.0
3.911525,0.308330138013,-0.754718546777,-0.745131166864,0.409956365094,-0.547631140649,0.087053409613,3.06566060109,100.0,-0.0141893222717,-0.664980670789,0.264995180804,0.323669945874,0.98788362627,0.307946642816,-0.263077704822,100.0
3.921521,0.308713633209,-0.754718546777,-0.745131166864,0.409956365094,-0.546864150256,0.087053409613,3.06681108668,100.0,-0.0141893222717,-0.664597175592,0.266145666394,0.324053441071,0.98788362627,0.307179652423,-0.263077704822,100.0
3.931664,0.308330138013,-0.755102041974,-0.745131166864,0.409572869897,-0.547247645453,0.087053409613,3.06566060109,100.0,-0.0138058270752,-0.664597175592,0.265762171198,0.324053441071,0.98788362627,0.30756314762,-0.262694209625,100.0
3.941604,0.308330138013,-0.754718546777,-0.745131166864,0.409956365094,-0.546864150256,0.087053409613,3.06642759148,100.0,-0.0134223318787,-0.664597175592,0.265378676001,0.324053441071,0.98788362627,0.30756314762,-0.263461200018,100.0
3.951567,0.30756314762,-0.755869032367,-0.745514662061,0.409189374701,-0.547247645453,0.087053409613,3.06681108668,100.0,-0.0141893222717,-0.663830185199,0.264995180804,0.324053441071,0.987500131073,0.30756314762,-0.263844695215,100.0
3.961520,0.307179652423,-0.754718546777,-0.745131166864,0.409956365094,-0.547247645453,0.087053409613,3.06681108668,100.0,-0.0138058270752,-0.664213680396,0.265762171198,0.323669945874,0.98788362627,0.307946642816,-0.263077704822,100.0
3.971582,0.30756314762,-0.754718546777,-0.744747671667,0.409572869897,-0.546864150256,0.0866699144165,3.06681108668,100.0,-0.0141893222717,-0.664597175592,0.265378676001,0.324053441071,0.98788362627,0.307179652423,-0.263077704822,100.0
3.981513,0.30756314762,-0.75548553717,-0.744747671667,0.409572869897,-0.546864150256,0.0866699144165,3.06681108668,100.0,-0.0138058270752,-0.663830185199,0.265378676001,0.323669945874,0.98788362627,0.30756314762,-0.262694209625,100.0
3.991958,0.307179652423,-0.754718546777,-0.745131166864,0.409956365094,-0.548014635846,0.0878204000061,3.06681108668,100.0,-0.0138058270752,-0.663830185199,0.264611685608,0.324053441071,0.987500131073,0.30756314762,-0.263077704822,100.0
4.001516,0.307179652423,-0.754718546777,-0.745131166864,0.409956365094,-0.548014635846,0.0878204000061,3.06681108668,100.0,-0.0138058270752,-0.663830185199,0.264611685608,0.324053441071,0.987500131073,0.30756314762,-0.263077704822,100.0
4.011724,0.30641266203,-0.755102041974,-0.745131166864,0.410723355487,-0.546864150256,0.087053409613,3.06642759148,100.0,-0.0141893222717,-0.664213680396,0.265378676001,0.324053441071,0.98788362627,0.307179652423,-0.262694209625,100.0
4.021899,0.30641266203,-0.755869032367,-0.745131166864,0.409956365094,-0.547247645453,0.087053409613,3.06642759148,100.0,-0.0141893222717,-0.663063194806,0.264611685608,0.324436936267,0.98788362627,0.308330138013,-0.263077704822,100.0
4.031517,0.30641266203,-0.755869032367,-0.745131166864,0.409956365094,-0.547247645453,0.087053409613,3.06642759148,100.0,-0.0141893222717,-0.663063194806,0.264611685608,0.324436936267,0.98788362627,0.308330138013,-0.263077704822,100.0
4.042005,0.306029166833,-0.755869032367,-0.744747671667,0.409956365094,-0.54648065506,0.087053409613,3.06642759148,100.0,-0.0134223318787,-0.663063194806,0.265762171198,0.32520392666,0.988267121466,0.307946642816,-0.262694209625,100.0
4.051597,0.306029166833,-0.755869032367,-0.744747671667,0.409956365094,-0.54648065506,0.087053409613,3.06642759148,100.0,-0.0134223318787,-0.663063194806,0.265762171198,0.32520392666,0.988267121466,0.307946642816,-0.262694209625,100.0
4.062787,0.304878681244,-0.75548553717,-0.745131166864,0.409956365094,-0.547247645453,0.087053409613,3.06681108668,100.0,-0.0145728174683,-0.663446690002,0.265378676001,0.324436936267,0.987500131073,0.308330138013,-0.262694209625,100.0
4.071831,0.304878681244,-0.75548553717,-0.745131166864,0.409956365094,-0.547247645453,0.087053409613,3.06681108668,100.0,-0.0145728174683,-0.663446690002,0.265378676001,0.324436936267,0.987500131073,0.308330138013,-0.262694209625,100.0
4.082131,0.30526217644,-0.755102041974,-0.745131166864,0.409572869897,-0.547631140649,0.087053409613,3.06566060109,100.0,-0.0134223318787,-0.664213680396,0.264995180804,0.324436936267,0.98788362627,0.307946642816,-0.262694209625,100.0
4.091704,0.304495186047,-0.754718546777,-0.745131166864,0.409572869897,-0.547631140649,0.0878204000061,3.06566060109,100.0,-0.0134223318787,-0.664213680396,0.265378676001,0.323669945874,0.987500131073,0.307946642816,-0.263077704822,100.0
4.101781,0.304495186047,-0.754718546777,-0.745514662061,0.409572869897,-0.54648065506,0.087053409613,3.06566060109,100.0,-0.0138058270752,-0.663830185199,0.265378676001,0.324436936267,0.987500131073,0.308713633209,-0.263077704822,100.0
4.112587,0.304495186047,-0.755102041974,-0.745131166864,0.409956365094,-0.54648065506,0.0882038952026,3.06642759148,100.0,-0.0130388366821,-0.664213680396,0.264995180804,0.324436936267,0.98788362627,0.307946642816,-0.263077704822,100.0
4.121599,0.304495186047,-0.755102041974,-0.745131166864,0.409956365094,-0.54648065506,0.0882038952026,3.06642759148,100.0,-0.0130388366821,-0.664213680396,0.264995180804,0.324436936267,0.98788362627,0.307946642816,-0.263077704822,100.0
4.131742,0.303728195654,-0.755102041974,-0.745514662061,0.410339860291,-0.547631140649,0.0874369048096,3.06642759148,100.0,-0.0138058270752,-0.663830185199,0.265378676001,0.323669945874,0.98788362627,0.308330138013,-0.263077704822,100.0
4.142288,0.302577710065,-0.755102041974,-0.744747671667,0.409956365094,-0.547247645453,0.087053409613,3.06566060109,100.0,-0.0130388366821,-0.663830185199,0.265762171198,0.324436936267,0.987500131073,0.309864118799,-0.263077704822,100.0
4.153008,0.302577710065,-0.755102041974,-0.744747671667,0.409956365094,-0.547247645453,0.087053409613,3.06566060109,100.0,-0.0130388366821,-0.663830185199,0.265762171198,0.324436936267,0.987500131073,0.309864118799,-0.263077704822,100.0
4.162352,0.302961205261,-0.755102041974,-0.745131166864,0.409572869897,-0.547247645453,0.0874369048096,3.06566060109,100.0,-0.0126553414856,-0.664213680396,0.265762171198,0.323669945874,0.987500131073,0.308713633209,-0.262694209625,100.0
4.172840,0.301810719672,-0.754335051581,-0.745131166864,0.410723355487,-0.547631140649,0.0874369048096,3.06566060109,100.0,-0.0130388366821,-0.664980670789,0.264995180804,0.324053441071,0.98788362627,0.30756314762,-0.263461200018,100.0
4.182396,0.302194214868,-0.754335051581,-0.745131166864,0.409572869897,-0.547631140649,0.0878204000061,3.06681108668,100.0,-0.0130388366821,-0.664597175592,0.264995180804,0.324436936267,0.98788362627,0.309097128406,-0.262694209625,100.0
4.191588,0.302194214868,-0.754335051581,-0.745131166864,0.409572869897,-0.547631140649,0.0878204000061,3.06681108668,100.0,-0.0130388366821,-0.664597175592,0.264995180804,0.324436936267,0.98788362627,0.309097128406,-0.262694209625,100.0
4.201583,0.301810719672,-0.754335051581,-0.745898157257,0.409572869897,-0.54648065506,0.087053409613,3.06566060109,100.0,-0.0130388366821,-0.663830185199,0.264995180804,0.324820431464,0.987500131073,0.309097128406,-0.263077704822,100.0
4.211628,0.301427224475,-0.753184565991,-0.745131166864,0.409189374701,-0.547631140649,0.0874369048096,3.06566060109,100.0,-0.0122718462891,-0.663830185199,0.265378676001,0.324053441071,0.987116635876,0.309097128406,-0.262694209625,100.0
4.222429,0.301043729279,-0.753951556384,-0.745131166864,0.409572869897,-0.546864150256,0.0882038952026,3.06527710589,100.0,-0.0122718462891,-0.664597175592,0.264995180804,0.324436936267,0.987500131073,0.308713633209,-0.263461200018,100.0
4.231692,0.301043729279,-0.753951556384,-0.745514662061,0.409189374701,-0.547631140649,0.0874369048096,3.06566060109,100.0,-0.0130388366821,-0.664597175592,0.264611685608,0.323669945874,0.987500131073,0.309097128406,-0.263077704822,100.0
4.242746,0.300276738885,-0.753184565991,-0.744747671667,0.410339860291,-0.547247645453,0.0874369048096,3.06566060109,100.0,-0.0130388366821,-0.663830185199,0.265378676001,0.324053441071,0.987116635876,0.308713633209,-0.262310714429,100.0
4.252606,0.300660234082,-0.753568061188,-0.745514662061,0.409572869897,-0.547247645453,0.0878204000061,3.06566060109,100.0,-0.0134223318787,-0.664213680396,0.265378676001,0.324436936267,0.987500131073,0.309480623602,-0.263461200018,100.0
